# Time         currentProc " (coordinates0 coordinates1 coordinates2 coordinates3) (position0 position1 position2) celli tetFacei tetPti facei stepFraction origProc origId active typeId nParticle d dTarget (U0 U1 U2) rho age tTurb (UTurb0 UTurb1 UTurb2) (UCorrect0 UCorrect1 UCorrect2)"
7.720000e+02	5 (0 0.958942 0.00222281 0.0388351) (23.5 0.260402 1.00004) 682 33090 2 33090 0.174011 0 3543 1 -1 1 2.12e-05 0 (0.247829 -0.00121424 0.114459) 2650 263.174 0 (0 0 0) (0 0 0)
7.720000e+02	5 (0 0.517714 0.363089 0.119197) (23.5 0.00840228 1.34845) 9 33024 1 33024 0.539494 0 1940 1 -1 1 0.00011 0 (0.402359 0.0021449 0.119112) 2650 267.539 0 (0 0 0) (0 0 0)
7.720000e+02	5 (0 0.451601 0.512106 0.0362923) (23.5 0.770123 1.02837) 1648 33047 2 33047 0.308124 0 6842 1 -1 1 1.3e-06 0 (0.48546 -0.0382322 0.189735) 2650 257.308 0 (0 0 0) (0 0 0)
7.730000e+02	5 (0 0.621305 0.301895 0.0767997) (23.5 0.0384984 1.51577) 7 33098 1 33098 0.375355 0 5372 1 -1 1 6.4e-06 0 (0.525164 0.0125908 0.0312771) 2650 261.375 0 (0 0 0) (0 0 0)
7.740000e+02	5 (0 0.467992 0.0302461 0.501762) (23.5 0.909705 1.09508) 1646 32989 1 32989 0.470531 0 4183 1 -1 1 1.25e-05 0 (0.504468 -0.032485 0.125488) 2650 264.471 0 (0 0 0) (0 0 0)
7.740000e+02	5 (0 0.0391969 0.458838 0.501965) (23.5 0.878607 1.04955) 1846 33054 2 33054 0.311303 0 6423 1 -1 1.00001 3.3e-06 0 (0.49033 -0.0455392 0.172274) 2650 260.311 0 (0 0 0) (0 0 0)
7.740000e+02	5 (0 0.0369326 0.00461477 0.958453) (23.5 0.656643 1.40667) 452 32997 1 32997 0.413151 0 6843 1 -1 1 1.3e-06 0 (0.527365 0.0795282 0.0310836) 2650 259.413 0 (0 0 0) (0 0 0)
7.750000e+02	5 (0 0.34564 0.531184 0.123176) (23.5 0.632276 1.13498) 807 32981 1 32981 0.686157 0 6021 1 -1 1.00001 3.3e-06 0 (0.510982 -0.0735981 0.125011) 2650 261.686 0 (0 0 0) (0 0 0)
7.750000e+02	5 (0 0.434444 0.00543341 0.560123) (23.5 0.876965 1.30796) 1105 33007 2 33007 0.662242 0 2990 1 -1 1 5.3e-05 0 (0.533447 0.00740887 0.00477624) 2650 268.662 0 (0 0 0) (0 0 0)
