# Time         currentProc " (coordinates0 coordinates1 coordinates2 coordinates3) (position0 position1 position2) celli tetFacei tetPti facei stepFraction origProc origId active typeId nParticle d dTarget (U0 U1 U2) rho age tTurb (UTurb0 UTurb1 UTurb2) (UCorrect0 UCorrect1 UCorrect2)"
5.610000e+02	5 (0 0.33831 0.541972 0.119717) (23.5 0.651324 1.51835) 279 33067 1 33067 0.522707 0 1659 1 -1 1 0.00011 0 (0.485529 -0.115333 -0.0053442) 2650 56.5227 0 (0 0 0) (0 0 0)
5.610000e+02	5 (0 0.199718 0.0103774 0.789904) (23.5 0.596245 1.47668) 279 33067 2 33067 0.777727 0 1698 1 -1 1 0.00011 0 (0.488619 -0.0825225 -0.0081505) 2650 56.7777 0 (0 0 0) (0 0 0)
5.610000e+02	5 (0 0.578364 0.346725 0.0749111) (23.5 0.804538 1.50293) 450 33069 1 33069 0.552749 0 2073 1 -1 1 7.5e-05 0 (0.495752 -0.107457 0.0291758) 2650 55.5527 0 (0 0 0) (0 0 0)
5.610000e+02	5 (0 0.356896 0.0940276 0.549077) (23.5 0.841007 1.51702) 557 33070 1 33070 0.248806 0 2711 1 -1 1 5.3e-05 0 (0.502058 -0.0999544 0.028915) 2650 54.2488 0 (0 0 0) (0 0 0)
5.610000e+02	5 (0 0.468269 0.00547298 0.526258) (23.5 0.770703 1.50998) 450 33069 1 33069 0.129277 0 2131 1 -1 1 7.5e-05 0 (0.491982 -0.115968 0.0227368) 2650 55.1293 0 (0 0 0) (0 0 0)
5.610000e+02	5 (0 0.254085 0.697909 0.0480057) (23.5 0.807723 1.52371) 450 33069 1 33069 0.934781 0 2692 1 -1 1 5.3e-05 0 (0.496886 -0.115113 0.0124425) 2650 54.9348 0 (0 0 0) (0 0 0)
5.610000e+02	5 (0 0.208794 0.117922 0.673284) (23.5 0.883412 1.46169) 803 33011 2 33011 0.963348 0 2095 1 -1 1 7.5e-05 0 (0.50481 -0.058798 0.0966525) 2650 55.9633 0 (0 0 0) (0 0 0)
5.610000e+02	5 (0 0.204467 0.476049 0.319484) (23.5 0.906262 1.39452) 949 33009 2 33009 0.236339 0 2298 1 -1 1 7.5e-05 0 (0.497908 -0.0169058 0.157572) 2650 55.2363 0 (0 0 0) (0 0 0)
5.610000e+02	5 (0 0.37007 0.441335 0.188595) (23.5 0.903966 1.45094) 803 33011 2 33011 0.748946 0 2634 1 -1 1 5.3e-05 0 (0.503983 -0.0421696 0.113015) 2650 54.7489 0 (0 0 0) (0 0 0)
5.610000e+02	5 (0 0.19139 0.640032 0.168578) (23.5 0.916625 1.39536) 949 33009 2 33009 0.597283 0 1835 1 -1 1 0.00011 0 (0.498069 -0.0146751 0.156909) 2650 56.5973 0 (0 0 0) (0 0 0)
5.610000e+02	5 (0 0.101124 0.542439 0.356436) (23.5 0.971651 1.13415) 1844 33059 2 33059 0.366017 0 4708 1 -1 1 8.9e-06 0 (0.494988 0.0121661 0.230339) 2650 50.366 0 (0 0 0) (0 0 0)
5.610000e+02	5 (0 0.322104 0.11357 0.564326) (23.5 0.854939 1.23601) 1106 32992 1 32992 0.859716 0 2133 1 -1 1 7.5e-05 0 (0.491072 0.0521812 0.172464) 2650 55.8597 0 (0 0 0) (0 0 0)
5.610000e+02	5 (0 0.246679 0.0912642 0.662057) (23.5 0.860046 1.24302) 1106 32992 1 32992 0.94287 0 2152 1 -1 1 7.5e-05 0 (0.491594 0.0483266 0.175322) 2650 55.9429 0 (0 0 0) (0 0 0)
5.610000e+02	5 (0 0.0237191 0.112777 0.863504) (23.5 0.875129 1.25749) 1106 32992 1 32992 0.761834 0 2338 1 -1 1 7.5e-05 0 (0.492802 0.0389971 0.183606) 2650 55.7618 0 (0 0 0) (0 0 0)
5.610000e+02	5 (0 0.611522 0.386448 0.00203026) (23.5 0.974883 1.26677) 1644 33062 1 33062 0.039839 0 5151 1 -1 1 6.4e-06 0 (0.488819 0.00838664 0.220693) 2650 49.0398 0 (0 0 0) (0 0 0)
5.610000e+02	5 (0 0.0964536 0.314826 0.588721) (23.5 0.976349 1.27397) 1453 33065 2 33065 0.220958 0 5171 1 -1 1 6.4e-06 0 (0.487842 0.00716981 0.218428) 2650 49.221 0 (0 0 0) (0 0 0)
5.610000e+02	5 (0 0.374689 0.399294 0.226017) (23.5 0.948031 1.11276) 1845 33057 1 33057 0.0852724 0 5186 1 -1 1 6.4e-06 0 (0.486124 0.0235853 0.234794) 2650 49.0853 0 (0 0 0) (0 0 0)
5.610000e+02	5 (0 0.03551 0.572344 0.392146) (23.5 0.949297 1.06449) 1845 33057 2 33057 0.970303 0 5646 1 -1 1 4.3e-06 0 (0.459582 0.0230807 0.239934) 2650 48.9703 0 (0 0 0) (0 0 0)
5.610000e+02	5 (0 0.881208 0.0620549 0.0567368) (23.5 0.936529 1.04146) 1846 33054 1 33054 0.135928 0 6147 1 -1 1.00001 3.3e-06 0 (0.452196 0.0463781 0.230195) 2650 47.1359 0 (0 0 0) (0 0 0)
5.610000e+02	5 (0 0.108416 0.0471403 0.844443) (23.5 0.728394 1.25599) 806 32986 1 32986 0.439623 0 1575 1 -1 1 0.00011 0 (0.493679 0.051538 0.0899454) 2650 56.4396 0 (0 0 0) (0 0 0)
5.610000e+02	5 (0 0.302917 0.107216 0.589867) (23.5 0.883453 1.24559) 1273 32993 2 32993 0.810968 0 2377 1 -1 1 7.5e-05 0 (0.493212 0.04053 0.188954) 2650 55.811 0 (0 0 0) (0 0 0)
5.610000e+02	5 (0 0.457242 0.405187 0.137571) (23.5 0.902188 1.23453) 1273 32993 2 32993 0.862505 0 1955 1 -1 1 0.00011 0 (0.494667 0.0390943 0.197101) 2650 56.8625 0 (0 0 0) (0 0 0)
5.610000e+02	5 (0 0.342063 0.358245 0.299692) (23.5 0.762666 1.24261) 951 32987 2 32987 0.874826 0 1259 1 -1 1 0.00015 0 (0.491961 0.0585144 0.106281) 2650 57.8748 0 (0 0 0) (0 0 0)
5.610000e+02	5 (0 0.291572 0.493339 0.215089) (23.5 0.856461 1.07626) 1456 32988 1 32988 0.0814127 0 5571 1 -1 1 4.3e-06 0 (0.473247 0.0472335 0.185386) 2650 48.0814 0 (0 0 0) (0 0 0)
5.610000e+02	5 (0 0.00668765 0.503937 0.489375) (23.5 0.972577 1.26742) 1453 33065 2 33065 0.664182 0 5651 1 -1 1 4.3e-06 0 (0.489962 0.00952627 0.222135) 2650 48.6642 0 (0 0 0) (0 0 0)
5.610000e+02	5 (0 0.179049 0.809012 0.0119393) (23.5 0.863974 1.06313) 1456 32988 1 32988 0.163767 0 6131 1 -1 1.00001 3.3e-06 0 (0.465237 0.0388371 0.184076) 2650 47.1638 0 (0 0 0) (0 0 0)
5.610000e+02	5 (0 0.188603 0.781721 0.0296757) (23.5 0.863336 1.06428) 1456 32988 1 32988 0.493781 0 6111 1 -1 1.00001 3.3e-06 0 (0.465928 0.039562 0.184185) 2650 47.4938 0 (0 0 0) (0 0 0)
5.610000e+02	5 (0 0.373829 0.237019 0.389152) (23.5 0.851102 1.01122) 2058 33049 1 33049 0.258955 0 6627 1 -1 1 1.3e-06 0 (0.408342 0.0615193 0.178971) 2650 46.259 0 (0 0 0) (0 0 0)
5.610000e+02	5 (0 0.272683 0.404253 0.323065) (23.5 0.681866 1.00721) 1649 33043 2 33043 0.342135 0 6528 1 -1 1 1.3e-06 0 (0.356332 0.0608182 0.157098) 2650 46.3421 0 (0 0 0) (0 0 0)
5.610000e+02	5 (0 0.00587698 0.486926 0.507197) (23.5 0.951493 1.26751) 1272 33066 2 33066 0.797495 0 5695 1 -1 1 4.3e-06 0 (0.49729 0.0160494 0.230769) 2650 48.7975 0 (0 0 0) (0 0 0)
5.610000e+02	5 (0 0.114946 0.873976 0.0110779) (23.5 0.875267 1.05967) 1647 33051 1 33051 0.0514833 0 6636 1 -1 1 1.3e-06 0 (0.461308 0.0356128 0.181837) 2650 46.0515 0 (0 0 0) (0 0 0)
5.610000e+02	5 (0 0.134316 0.175927 0.689757) (23.5 0.726382 1.24487) 806 32986 1 32986 0.981968 0 2114 1 -1 1 7.5e-05 0 (0.494868 0.0553999 0.0997428) 2650 55.982 0 (0 0 0) (0 0 0)
5.610000e+02	5 (0 0.452861 0.545014 0.00212559) (23.5 0.62377 1.30677) 560 32995 2 32995 0.288652 0 2211 1 -1 1 7.5e-05 0 (0.502861 0.0188137 0.0428966) 2650 55.2887 0 (0 0 0) (0 0 0)
5.610000e+02	5 (0 0.163917 0.500214 0.335868) (23.5 0.865242 1.15018) 1274 32990 1 32990 0.943229 0 1953 1 -1 1 0.00011 0 (0.485317 0.0628197 0.170827) 2650 56.9432 0 (0 0 0) (0 0 0)
5.610000e+02	5 (0 0.23228 0.746988 0.0207319) (23.5 0.860494 1.12856) 1274 32990 1 32990 0.947441 0 4214 1 -1 1 1.25e-05 0 (0.483413 0.0638557 0.176928) 2650 51.9474 0 (0 0 0) (0 0 0)
5.610000e+02	5 (0 0.162011 0.181801 0.656187) (23.5 0.724252 1.24245) 806 32986 1 32986 0.857608 0 1199 1 -1 1 0.00015 0 (0.495296 0.0562597 0.089348) 2650 57.8576 0 (0 0 0) (0 0 0)
5.610000e+02	5 (0 0.453546 0.288565 0.257888) (23.5 0.845599 1.07899) 1456 32988 1 32988 0.369454 0 5551 1 -1 1 4.3e-06 0 (0.479332 0.05303 0.188505) 2650 48.3695 0 (0 0 0) (0 0 0)
5.610000e+02	5 (0 0.0167565 0.862143 0.1211) (23.5 0.877088 1.05913) 1846 33054 2 33054 0.966487 0 6655 1 -1 1 1.3e-06 0 (0.460923 0.0356465 0.182552) 2650 46.9665 0 (0 0 0) (0 0 0)
5.610000e+02	5 (0 0.684222 0.239374 0.0764035) (23.5 0.59954 1.29) 560 32995 2 32995 0.167973 0 1690 1 -1 1 0.00011 0 (0.507725 0.0257425 0.0404819) 2650 56.168 0 (0 0 0) (0 0 0)
5.610000e+02	5 (0 0.0184941 0.459698 0.521808) (23.5 0.839686 1.12582) 1456 32988 2 32988 0.609374 0 6034 1 -1 1.00001 3.3e-06 0 (0.486081 0.070552 0.17886) 2650 47.6094 0 (0 0 0) (0 0 0)
5.610000e+02	5 (0 0.0747758 0.45189 0.473334) (23.5 0.839172 1.12217) 1456 32988 2 32988 0.434684 0 6552 1 -1 1 1.3e-06 0 (0.486197 0.069662 0.180037) 2650 46.4347 0 (0 0 0) (0 0 0)
5.610000e+02	5 (0 0.353949 0.219283 0.426768) (23.5 0.676771 1.24169) 806 32986 2 32986 0.825799 0 1098 1 -1 1 0.00015 0 (0.500867 0.0511363 0.0740618) 2650 57.8258 0 (0 0 0) (0 0 0)
5.610000e+02	5 (0 0.315645 0.487532 0.196822) (23.5 0.841853 1.17394) 1274 32990 2 32990 0.799815 0 5594 1 -1 1 4.3e-06 0 (0.489677 0.0700382 0.178363) 2650 48.7998 0 (0 0 0) (0 0 0)
5.610000e+02	5 (0 0.581245 0.0608233 0.357932) (23.5 0.691822 1.15114) 952 32984 1 32984 0.507167 0 6293 1 -1 1.00001 3.3e-06 0 (0.505262 0.0796228 0.147624) 2650 47.5072 0 (0 0 0) (0 0 0)
5.610000e+02	5 (0 0.674588 0.0805048 0.244907) (23.5 0.586837 1.14885) 807 32981 2 32981 0.763085 0 1355 1 -1 1 0.00015 0 (0.518078 0.0670162 0.112585) 2650 57.7631 0 (0 0 0) (0 0 0)
5.610000e+02	5 (0 0.479357 0.00249468 0.518148) (23.5 0.461401 1.23245) 454 32957 1 32957 0.76318 0 1077 1 -1 1 0.00015 0 (0.5311 0.0312231 0.0533277) 2650 57.7632 0 (0 0 0) (0 0 0)
5.610000e+02	5 (0 0.19593 0.458058 0.346012) (23.5 0.721316 1.15034) 952 32984 1 32984 0.940253 0 6834 1 -1 1 1.3e-06 0 (0.503015 0.0810856 0.15684) 2650 46.9403 0 (0 0 0) (0 0 0)
5.610000e+02	5 (0 0.293536 0.153624 0.552841) (23.5 0.431819 1.246) 454 32957 2 32957 0.801869 0 1651 1 -1 1 0.00011 0 (0.534958 0.0273954 0.0523218) 2650 56.8019 0 (0 0 0) (0 0 0)
5.610000e+02	5 (0 0.25385 0.0939942 0.652155) (23.5 0.427013 1.24886) 454 32957 2 32957 0.539701 0 3890 1 -1 1 2.12e-05 0 (0.535526 0.0265707 0.0596939) 2650 52.5397 0 (0 0 0) (0 0 0)
5.610000e+02	5 (0 0.782793 0.118808 0.0983989) (23.5 0.357274 1.27427) 282 32968 1 32968 0.403593 0 4446 1 -1 1 1.25e-05 0 (0.543994 0.0217236 0.0450581) 2650 51.4036 0 (0 0 0) (0 0 0)
5.610000e+02	5 (0 0.172881 0.20873 0.618389) (23.5 0.356614 1.2547) 362 32956 2 32956 0.259356 0 6313 1 -1 1.00001 3.3e-06 0 (0.544707 0.0228989 0.0539317) 2650 47.2594 0 (0 0 0) (0 0 0)
5.610000e+02	5 (0 0.33192 0.33352 0.33456) (23.5 0.366541 1.24326) 362 32956 2 32956 0.121329 0 6874 1 -1 1 1.3e-06 0 (0.543426 0.0229634 0.0599398) 2650 46.1213 0 (0 0 0) (0 0 0)
5.610000e+02	5 (0 0.0480167 0.01755 0.934433) (23.5 0.336344 1.26244) 283 32953 1 32953 0.282899 0 6914 1 -1 1 1.3e-06 0 (0.547274 0.0222004 0.0490842) 2650 46.2829 0 (0 0 0) (0 0 0)
5.610000e+02	5 (0 0.487408 0.225447 0.287145) (23.5 0.302651 1.28797) 214 32965 1 32965 0.15545 0 6935 1 -1 1 1.3e-06 0 (0.549972 0.0241643 0.0428831) 2650 46.1555 0 (0 0 0) (0 0 0)
5.610000e+02	5 (0 0.140044 0.185677 0.674279) (23.5 0.144933 1.53102) 30 33034 1 33034 0.608771 0 6918 1 -1 1 1.3e-06 0 (0.554402 0.0206444 0.00270647) 2650 46.6088 0 (0 0 0) (0 0 0)
5.610000e+02	5 (0 0.0232409 0.315105 0.661655) (23.5 0.145332 1.53851) 30 33034 1 33034 0.56076 0 6898 1 -1 1 1.3e-06 0 (0.554348 0.0202551 0.000447881) 2650 46.5608 0 (0 0 0) (0 0 0)
5.610000e+02	5 (0 0.568095 0.393745 0.0381602) (23.5 0.162031 1.50113) 30 33034 2 33034 0.978596 0 4476 1 -1 1 1.25e-05 0 (0.553903 0.023313 0.0120567) 2650 51.9786 0 (0 0 0) (0 0 0)
5.620000e+02	5 (0 0.362778 0.126743 0.51048) (23.5 0.590449 1.45191) 359 33003 2 33003 0.641201 0 1638 1 -1 1 0.00011 0 (0.490128 -0.0670745 -0.00764927) 2650 57.6412 0 (0 0 0) (0 0 0)
5.620000e+02	5 (0 0.237014 0.192391 0.570594) (23.5 0.595662 1.46027) 359 33003 2 33003 0.362763 0 1658 1 -1 1 0.00011 0 (0.488925 -0.0745281 -0.0075329) 2650 57.3628 0 (0 0 0) (0 0 0)
5.620000e+02	5 (0 0.138769 0.196437 0.664795) (23.5 0.595983 1.4668) 359 33003 2 33003 0.158239 0 1678 1 -1 1 0.00011 0 (0.488166 -0.0793663 -0.00808833) 2650 57.1582 0 (0 0 0) (0 0 0)
5.620000e+02	5 (0 0.0624111 0.894494 0.0430948) (23.5 0.571902 1.47187) 280 33002 2 33002 0.320127 0 1576 1 -1 1 0.00011 0 (0.48968 -0.0768024 -0.0117477) 2650 57.3201 0 (0 0 0) (0 0 0)
5.620000e+02	5 (0 0.352244 0.41433 0.233426) (23.5 0.613288 1.45261) 359 33003 2 33003 0.894863 0 1779 1 -1 1 0.00011 0 (0.488899 -0.0735787 -0.00377858) 2650 57.8949 0 (0 0 0) (0 0 0)
5.620000e+02	5 (0 0.55707 0.085344 0.357586) (23.5 0.63163 1.50436) 279 33067 1 33067 0.947742 0 2190 1 -1 1 7.5e-05 0 (0.484224 -0.107686 0.00165164) 2650 56.9477 0 (0 0 0) (0 0 0)
5.620000e+02	5 (0 0.512141 0.417633 0.0702265) (23.5 0.773425 1.50268) 450 33069 2 33069 0.372324 0 2112 1 -1 1 7.5e-05 0 (0.49002 -0.116806 0.0285159) 2650 56.3723 0 (0 0 0) (0 0 0)
5.620000e+02	5 (0 0.608316 0.242939 0.148746) (23.5 0.00422509 1.15355) 55 33084 2 33084 0.614679 0 3527 1 -1 1 2.12e-05 0 (0.320679 -0.000390112 0.161632) 2650 53.6147 0 (0 0 0) (0 0 0)
5.620000e+02	5 (0 0.331348 0.010041 0.658611) (23.5 0.76115 1.51876) 450 33069 1 33069 0.6912 0 2676 1 -1 1 5.3e-05 0 (0.489053 -0.125797 0.0175683) 2650 55.6912 0 (0 0 0) (0 0 0)
5.620000e+02	5 (0 0.312153 0.677789 0.0100581) (23.5 0.758996 1.51935) 450 33069 2 33069 0.728671 0 2677 1 -1 1 5.3e-05 0 (0.488826 -0.126385 0.0167476) 2650 55.7287 0 (0 0 0) (0 0 0)
5.620000e+02	5 (0 0.493933 0.190303 0.315763) (23.5 0.842575 1.48795) 557 33070 2 33070 0.347135 0 2093 1 -1 1 7.5e-05 0 (0.499355 -0.0917026 0.059298) 2650 56.3471 0 (0 0 0) (0 0 0)
5.620000e+02	5 (0 0.190825 0.0767817 0.732393) (23.5 0.880798 1.46289) 803 33011 2 33011 0.107458 0 2094 1 -1 1 7.5e-05 0 (0.503038 -0.0631883 0.0983639) 2650 56.1075 0 (0 0 0) (0 0 0)
5.620000e+02	5 (0 0.715547 0.0444255 0.240027) (23.5 0.860644 1.49392) 557 33070 1 33070 0.0493677 0 2672 1 -1 1 5.3e-05 0 (0.502679 -0.0867414 0.0626413) 2650 55.0494 0 (0 0 0) (0 0 0)
5.620000e+02	5 (0 0.0453737 0.147358 0.807269) (23.5 0.9591 1.06488) 1845 33057 2 33057 0.542515 0 3601 1 -1 1 2.12e-05 0 (0.466745 0.0123785 0.246223) 2650 53.5425 0 (0 0 0) (0 0 0)
5.620000e+02	5 (0 0.579617 0.196154 0.224229) (23.5 0.71938 1.5029) 358 33068 1 33068 0.908049 0 2151 1 -1 1 7.5e-05 0 (0.485346 -0.120307 0.0140759) 2650 56.908 0 (0 0 0) (0 0 0)
5.620000e+02	5 (0 0.511456 0.247437 0.241107) (23.5 0.891685 1.44153) 803 33011 2 33011 0.073345 0 2113 1 -1 1 7.5e-05 0 (0.50062 -0.0446463 0.119066) 2650 56.0733 0 (0 0 0) (0 0 0)
5.620000e+02	5 (0 0.516477 0.291118 0.192405) (23.5 0.894459 1.44119) 803 33011 2 33011 0.37581 0 1917 1 -1 1 0.00011 0 (0.500697 -0.0428492 0.115562) 2650 57.3758 0 (0 0 0) (0 0 0)
5.620000e+02	5 (0 0.692122 0.247301 0.0605775) (23.5 0.895539 1.41292) 803 33011 1 33011 0.187813 0 2132 1 -1 1 7.5e-05 0 (0.496858 -0.0298584 0.146799) 2650 56.1878 0 (0 0 0) (0 0 0)
5.620000e+02	5 (0 0.0890585 0.158709 0.752233) (23.5 0.885979 1.46966) 803 33011 2 33011 0.253567 0 2653 1 -1 1 5.3e-05 0 (0.503989 -0.0645823 0.0962251) 2650 55.2536 0 (0 0 0) (0 0 0)
5.620000e+02	5 (0 0.306334 0.270815 0.422851) (23.5 0.893133 1.45519) 803 33011 2 33011 0.408694 0 2657 1 -1 1 5.3e-05 0 (0.502346 -0.0521302 0.110274) 2650 55.4087 0 (0 0 0) (0 0 0)
5.620000e+02	5 (0 0.807016 0.141447 0.0515366) (23.5 0.863429 1.48472) 557 33070 2 33070 0.755241 0 2696 1 -1 1 5.3e-05 0 (0.502732 -0.0822034 0.0740805) 2650 55.7552 0 (0 0 0) (0 0 0)
5.620000e+02	5 (0 0.0959927 0.0948942 0.809113) (23.5 0.881931 1.4692) 803 33011 2 33011 0.621952 0 2715 1 -1 1 5.3e-05 0 (0.503833 -0.0664377 0.0955375) 2650 55.622 0 (0 0 0) (0 0 0)
5.620000e+02	5 (0 0.348494 0.361227 0.290279) (23.5 0.898878 1.45238) 803 33011 2 33011 0.0613932 0 2656 1 -1 1 5.3e-05 0 (0.502134 -0.0474282 0.114191) 2650 55.0614 0 (0 0 0) (0 0 0)
5.620000e+02	5 (0 0.688695 0.0922161 0.219089) (23.5 0.795553 1.00556) 1848 33046 1 33046 0.183719 0 6107 1 -1 1.00001 3.3e-06 0 (0.33703 0.0495142 0.152265) 2650 48.1837 0 (0 0 0) (0 0 0)
5.620000e+02	5 (0 0.193326 0.415461 0.391213) (23.5 0.902426 1.39532) 949 33009 2 33009 0.714001 0 1856 1 -1 1 0.00011 0 (0.495559 -0.0191719 0.155431) 2650 57.714 0 (0 0 0) (0 0 0)
5.620000e+02	5 (0 0.110533 0.255954 0.633513) (23.5 0.801191 1.24091) 951 32987 1 32987 0.339009 0 2191 1 -1 1 7.5e-05 0 (0.485026 0.0631172 0.132989) 2650 56.339 0 (0 0 0) (0 0 0)
5.620000e+02	5 (0 0.396377 0.304411 0.299212) (23.5 0.970429 1.10771) 2055 33056 1 33056 0.715513 0 4685 1 -1 1 8.9e-06 0 (0.486184 0.0110076 0.234381) 2650 51.7155 0 (0 0 0) (0 0 0)
5.620000e+02	5 (0 0.770425 0.00552828 0.224047) (23.5 0.95717 1.11282) 1845 33057 1 33057 0.81309 0 5165 1 -1 1 6.4e-06 0 (0.486106 0.021663 0.244299) 2650 50.8131 0 (0 0 0) (0 0 0)
5.620000e+02	5 (0 0.502091 0.372692 0.125217) (23.5 0.950966 1.1193) 1845 33057 1 33057 0.375135 0 5666 1 -1 1 4.3e-06 0 (0.48889 0.0237292 0.238213) 2650 49.3751 0 (0 0 0) (0 0 0)
5.620000e+02	5 (0 0.0988793 0.609514 0.291607) (23.5 0.706753 1.26006) 806 32986 2 32986 0.255886 0 2231 1 -1 1 7.5e-05 0 (0.494312 0.0489919 0.0841236) 2650 56.2559 0 (0 0 0) (0 0 0)
5.620000e+02	5 (0 0.562479 0.181949 0.255572) (23.5 0.821447 1.22686) 1106 32992 2 32992 0.240386 0 2359 1 -1 1 7.5e-05 0 (0.485074 0.0670417 0.149235) 2650 56.2404 0 (0 0 0) (0 0 0)
5.620000e+02	5 (0 0.706551 0.123306 0.170143) (23.5 0.980164 1.24575) 1644 33062 2 33062 0.180771 0 5674 1 -1 1 4.3e-06 0 (0.485923 0.00717678 0.224353) 2650 49.1808 0 (0 0 0) (0 0 0)
5.620000e+02	5 (0 0.697311 0.253714 0.0489755) (23.5 0.977544 1.31799) 1453 33065 2 33065 0.647236 0 5675 1 -1 1 4.3e-06 0 (0.483817 0.00394632 0.215898) 2650 49.6472 0 (0 0 0) (0 0 0)
5.620000e+02	5 (0 0.467796 0.0437259 0.488478) (23.5 0.97199 1.30439) 1453 33065 1 33065 0.00786033 0 5756 1 -1 1 4.3e-06 0 (0.48725 0.00759885 0.222153) 2650 49.0079 0 (0 0 0) (0 0 0)
5.620000e+02	5 (0 0.278935 0.637529 0.0835364) (23.5 0.945809 1.12205) 1845 33057 1 33057 0.104124 0 6167 1 -1 1.00001 3.3e-06 0 (0.489282 0.0255421 0.233529) 2650 48.1041 0 (0 0 0) (0 0 0)
5.620000e+02	5 (0 0.512206 0.236299 0.251495) (23.5 0.977898 1.23179) 1644 33062 2 33062 0.428136 0 6155 1 -1 1.00001 3.3e-06 0 (0.488183 0.00896056 0.227311) 2650 48.4281 0 (0 0 0) (0 0 0)
5.620000e+02	5 (0 0.037008 0.437684 0.525308) (23.5 0.937308 1.30501) 1105 33007 1 33007 0.252536 0 5274 1 -1 1 6.4e-06 0 (0.495567 0.0114813 0.224822) 2650 50.2525 0 (0 0 0) (0 0 0)
5.620000e+02	5 (0 0.105732 0.4881 0.406168) (23.5 0.932998 1.29643) 1105 33007 1 33007 0.0748605 0 5552 1 -1 1 4.3e-06 0 (0.495561 0.0145788 0.224215) 2650 49.0749 0 (0 0 0) (0 0 0)
5.620000e+02	5 (0 0.132821 0.237202 0.629976) (23.5 0.957215 1.2767) 1272 33066 2 33066 0.327287 0 6071 1 -1 1.00001 3.3e-06 0 (0.494199 0.0148385 0.233943) 2650 48.3273 0 (0 0 0) (0 0 0)
5.620000e+02	5 (0 0.550031 0.137803 0.312166) (23.5 0.952309 1.24478) 1454 33063 1 33063 0.154824 0 6091 1 -1 1.00001 3.3e-06 0 (0.49667 0.0193473 0.239059) 2650 48.1548 0 (0 0 0) (0 0 0)
5.620000e+02	5 (0 0.044004 0.392765 0.563231) (23.5 0.940481 1.15731) 1645 33060 1 33060 0.534585 0 6688 1 -1 1 1.3e-06 0 (0.495479 0.0270632 0.234701) 2650 47.5346 0 (0 0 0) (0 0 0)
5.620000e+02	5 (0 0.107855 0.372651 0.519495) (23.5 0.869104 1.16279) 1274 32990 1 32990 0.270693 0 4375 1 -1 1 1.25e-05 0 (0.481886 0.0626087 0.179555) 2650 52.2707 0 (0 0 0) (0 0 0)
5.620000e+02	5 (0 0.349742 0.432757 0.217501) (23.5 0.837948 1.10437) 1456 32988 2 32988 0.784325 0 5794 1 -1 1 4.3e-06 0 (0.481202 0.0635796 0.182856) 2650 49.7843 0 (0 0 0) (0 0 0)
5.620000e+02	5 (0 0.428457 0.0465984 0.524945) (23.5 0.847452 1.16303) 1274 32990 1 32990 0.0228509 0 5535 1 -1 1 4.3e-06 0 (0.485486 0.0702447 0.182859) 2650 49.0229 0 (0 0 0) (0 0 0)
5.620000e+02	5 (0 0.412651 0.0350144 0.552334) (23.5 0.848531 1.16491) 1274 32990 1 32990 0.00779414 0 5595 1 -1 1 4.3e-06 0 (0.485614 0.0699933 0.183093) 2650 49.0078 0 (0 0 0) (0 0 0)
5.620000e+02	5 (0 0.115242 0.683517 0.201241) (23.5 0.968987 1.2754) 1453 33065 2 33065 0.973167 0 6612 1 -1 1 1.3e-06 0 (0.490093 0.0113672 0.230082) 2650 47.9732 0 (0 0 0) (0 0 0)
5.620000e+02	5 (0 0.122818 0.478105 0.399077) (23.5 0.538489 1.33066) 453 32994 2 32994 0.777535 0 2297 1 -1 1 7.5e-05 0 (0.511848 0.00792104 0.019732) 2650 56.7775 0 (0 0 0) (0 0 0)
5.620000e+02	5 (0 0.0309731 0.461135 0.507892) (23.5 0.577978 1.16138) 678 32980 1 32980 0.0113384 0 1238 1 -1 1 0.00015 0 (0.518663 0.0639261 0.102724) 2650 58.0113 0 (0 0 0) (0 0 0)
5.620000e+02	5 (0 0.340082 0.104214 0.555705) (23.5 0.667778 1.17185) 952 32984 2 32984 0.399888 0 4875 1 -1 1 8.9e-06 0 (0.506015 0.0733365 0.127111) 2650 51.3999 0 (0 0 0) (0 0 0)
5.620000e+02	5 (0 0.320181 0.181343 0.498475) (23.5 0.55472 1.16074) 678 32980 1 32980 0.0867512 0 1456 1 -1 1 0.00015 0 (0.521452 0.0605941 0.101941) 2650 58.0868 0 (0 0 0) (0 0 0)
5.620000e+02	5 (0 0.493473 0.203735 0.302792) (23.5 0.69852 1.14736) 952 32984 1 32984 0.932194 0 1279 1 -1 1 0.00015 0 (0.504036 0.0828889 0.137377) 2650 58.9322 0 (0 0 0) (0 0 0)
5.620000e+02	5 (0 0.0140905 0.0658556 0.920054) (23.5 0.579379 1.18969) 678 32980 1 32980 0.592209 0 3910 1 -1 1 2.12e-05 0 (0.517998 0.0576117 0.0991777) 2650 53.5922 0 (0 0 0) (0 0 0)
5.620000e+02	5 (0 0.187121 0.626057 0.186821) (23.5 0.550443 1.25365) 561 32982 2 32982 0.988635 0 1035 1 -1 1 0.00015 0 (0.517565 0.0348038 0.0444997) 2650 58.9886 0 (0 0 0) (0 0 0)
5.620000e+02	5 (0 0.329449 0.0273469 0.643204) (23.5 0.633685 1.17069) 807 32981 1 32981 0.852772 0 5395 1 -1 1 6.4e-06 0 (0.510387 0.0687183 0.121181) 2650 50.8528 0 (0 0 0) (0 0 0)
5.620000e+02	5 (0 0.371146 0.296092 0.332763) (23.5 0.443303 1.24042) 454 32957 2 32957 0.802499 0 4404 1 -1 1 1.25e-05 0 (0.533686 0.0278333 0.0636518) 2650 52.8025 0 (0 0 0) (0 0 0)
5.620000e+02	5 (0 0.771892 0.164766 0.0633418) (23.5 0.51837 1.19973) 561 32982 1 32982 0.754229 0 4469 1 -1 1 1.25e-05 0 (0.525682 0.0458545 0.089025) 2650 52.7542 0 (0 0 0) (0 0 0)
5.620000e+02	5 (0 0.075895 0.712429 0.211676) (23.5 0.493888 1.2104) 454 32957 1 32957 0.830349 0 4468 1 -1 1 1.25e-05 0 (0.528396 0.0399548 0.0815099) 2650 52.8303 0 (0 0 0) (0 0 0)
5.620000e+02	5 (0 0.234766 0.488119 0.277115) (23.5 0.481096 1.21511) 454 32957 1 32957 0.556685 0 4470 1 -1 1 1.25e-05 0 (0.529745 0.0371262 0.0783672) 2650 52.5567 0 (0 0 0) (0 0 0)
5.620000e+02	5 (0 0.520703 0.0715404 0.407757) (23.5 0.458072 1.22451) 454 32957 1 32957 0.325596 0 4467 1 -1 1 1.25e-05 0 (0.532121 0.0318043 0.0721818) 2650 52.3256 0 (0 0 0) (0 0 0)
5.620000e+02	5 (0 0.355931 0.136045 0.508024) (23.5 0.430406 1.24151) 454 32957 2 32957 0.587775 0 4947 1 -1 1 8.9e-06 0 (0.535573 0.0268973 0.0632111) 2650 51.5878 0 (0 0 0) (0 0 0)
5.620000e+02	5 (0 0.442039 0.233333 0.324629) (23.5 0.43825 1.23532) 454 32957 2 32957 0.6454 0 5428 1 -1 1 6.4e-06 0 (0.534601 0.0284054 0.0664658) 2650 50.6454 0 (0 0 0) (0 0 0)
5.620000e+02	5 (0 0.531997 0.308682 0.159321) (23.5 0.444326 1.22885) 454 32957 2 32957 0.792246 0 4967 1 -1 1 8.9e-06 0 (0.533902 0.0298584 0.069807) 2650 51.7922 0 (0 0 0) (0 0 0)
5.620000e+02	5 (0 0.284831 0.564283 0.150886) (23.5 0.306693 1.31897) 214 32965 2 32965 0.51946 0 5447 1 -1 1 6.4e-06 0 (0.548743 0.0207935 0.0353566) 2650 50.5195 0 (0 0 0) (0 0 0)
5.620000e+02	5 (0 0.532562 0.17804 0.289398) (23.5 0.0470191 1.52853) 7 33098 2 33098 0.520684 0 5013 1 -1 1 6.4e-06 0 (0.550014 0.00361175 0.00504878) 2650 50.5207 0 (0 0 0) (0 0 0)
5.620000e+02	5 (0 0.57527 0.129254 0.295476) (23.5 0.0459631 1.53167) 7 33098 2 33098 0.73332 0 6012 1 -1 1.00001 3.3e-06 0 (0.549751 0.00350627 0.00368233) 2650 48.7333 0 (0 0 0) (0 0 0)
5.630000e+02	5 (0 0.219016 0.208172 0.572813) (23.5 0.693494 1.52598) 358 33068 1 33068 0.774693 0 1639 1 -1 1 0.00011 0 (0.482278 -0.134923 -0.00209789) 2650 58.7747 0 (0 0 0) (0 0 0)
5.630000e+02	5 (0 0.649292 0.187347 0.163361) (23.5 0.567289 1.49846) 211 33039 1 33039 0.00361831 0 1598 1 -1 1 0.00011 0 (0.487727 -0.0883466 -0.0112334) 2650 58.0036 0 (0 0 0) (0 0 0)
5.630000e+02	5 (0 0.121137 0.352031 0.526832) (23.5 0.570647 1.44457) 280 33002 1 33002 0.525599 0 1556 1 -1 1 0.00011 0 (0.492145 -0.0607491 -0.0104978) 2650 58.5256 0 (0 0 0) (0 0 0)
5.630000e+02	5 (0 0.643558 0.345817 0.0106249) (23.5 0.579599 1.49883) 211 33039 1 33039 0.981085 0 2209 1 -1 1 7.5e-05 0 (0.485434 -0.0955813 -0.00671063) 2650 57.9811 0 (0 0 0) (0 0 0)
5.630000e+02	5 (0 0.223547 0.58965 0.186804) (23.5 0.598255 1.51375) 279 33067 2 33067 0.724644 0 2208 1 -1 1 7.5e-05 0 (0.483574 -0.107381 -0.00276486) 2650 57.7246 0 (0 0 0) (0 0 0)
5.630000e+02	5 (0 0.361089 0.236647 0.402264) (23.5 0.995892 1.2934) 1643 33064 2 33064 0.15961 0 3190 1 -1 1 3.26e-05 0 (0.320887 -0.00310083 0.147968) 2650 55.1596 0 (0 0 0) (0 0 0)
5.630000e+02	5 (0 0.142181 0.586955 0.270864) (23.5 0.791219 1.53089) 450 33069 1 33069 0.240835 0 2695 1 -1 1 5.3e-05 0 (0.491446 -0.12989 0.00642998) 2650 56.2408 0 (0 0 0) (0 0 0)
5.630000e+02	5 (0 0.129752 0.719328 0.15092) (23.5 0.866711 1.53164) 557 33070 1 33070 0.393588 0 2771 1 -1 1 5.3e-05 0 (0.504651 -0.0972907 0.0097864) 2650 56.3936 0 (0 0 0) (0 0 0)
5.630000e+02	5 (0 0.0162851 0.382155 0.601559) (23.5 0.874861 1.44907) 674 33010 1 33010 0.0279204 0 2171 1 -1 1 7.5e-05 0 (0.498887 -0.0600023 0.110955) 2650 57.0279 0 (0 0 0) (0 0 0)
5.630000e+02	5 (0 0.366269 0.365664 0.268067) (23.5 0.975216 1.08565) 2055 33056 2 33056 0.236939 0 3704 1 -1 1 2.12e-05 0 (0.47708 0.00238572 0.226582) 2650 54.2369 0 (0 0 0) (0 0 0)
5.630000e+02	5 (0 0.050688 0.43241 0.516902) (23.5 0.872552 1.44345) 674 33010 1 33010 0.84998 0 2251 1 -1 1 7.5e-05 0 (0.497874 -0.0569674 0.113888) 2650 57.85 0 (0 0 0) (0 0 0)
5.630000e+02	5 (0 0.484542 0.207807 0.307651) (23.5 0.697817 1.00371) 1649 33043 2 33043 0.219563 0 6567 1 -1 1 1.3e-06 0 (0.310983 0.0560486 0.139231) 2650 48.2196 0 (0 0 0) (0 0 0)
5.630000e+02	5 (0 0.253734 0.243411 0.502855) (23.5 0.828339 1.00435) 2058 33049 2 33049 0.169831 0 6607 1 -1 1 1.3e-06 0 (0.323006 0.0499455 0.146124) 2650 48.1698 0 (0 0 0) (0 0 0)
5.630000e+02	5 (0 0.196766 0.136909 0.666325) (23.5 0.985983 1.14969) 2054 33058 1 33058 0.6202 0 5207 1 -1 1 6.4e-06 0 (0.446794 0.00465783 0.198144) 2650 51.6202 0 (0 0 0) (0 0 0)
5.630000e+02	5 (0 0.901997 0.0662608 0.0317422) (23.5 0.882919 1.26954) 1105 33007 1 33007 0.132845 0 1754 1 -1 1 0.00011 0 (0.488075 0.0383943 0.185009) 2650 58.1328 0 (0 0 0) (0 0 0)
5.630000e+02	5 (0 0.57244 0.342888 0.084672) (23.5 0.897754 1.43747) 803 33011 2 33011 0.761168 0 3417 1 -1 1 3.26e-05 0 (0.498231 -0.0408322 0.131482) 2650 55.7612 0 (0 0 0) (0 0 0)
5.630000e+02	5 (0 0.536893 0.302576 0.160531) (23.5 0.895189 1.43983) 803 33011 2 33011 0.992708 0 3377 1 -1 1 3.26e-05 0 (0.498482 -0.04369 0.128762) 2650 55.9927 0 (0 0 0) (0 0 0)
5.630000e+02	5 (0 0.21506 0.726577 0.0583627) (23.5 0.922042 1.46126) 803 33011 2 33011 0.799021 0 4411 1 -1 1 1.25e-05 0 (0.502148 -0.0422294 0.118727) 2650 53.799 0 (0 0 0) (0 0 0)
5.630000e+02	5 (0 0.214823 0.661907 0.12327) (23.5 0.947123 1.42305) 948 33076 2 33076 0.0858203 0 4636 1 -1 1 8.9e-06 0 (0.495585 -0.0183481 0.166833) 2650 52.0858 0 (0 0 0) (0 0 0)
5.630000e+02	5 (0 0.362918 0.423441 0.213641) (23.5 0.947727 1.46145) 948 33076 1 33076 0.594943 0 4655 1 -1 1 8.9e-06 0 (0.501156 -0.0297285 0.127058) 2650 52.5949 0 (0 0 0) (0 0 0)
5.630000e+02	5 (0 0.0305423 0.115162 0.854296) (23.5 0.98029 1.34216) 1271 33072 2 33072 0.0989476 0 5592 1 -1 1 4.3e-06 0 (0.47924 0.000428519 0.213864) 2650 50.0989 0 (0 0 0) (0 0 0)
5.630000e+02	5 (0 0.0879896 0.157218 0.754793) (23.5 0.979444 1.34606) 1271 33072 2 33072 0.100386 0 5593 1 -1 1 4.3e-06 0 (0.479941 0.000280573 0.212361) 2650 50.1004 0 (0 0 0) (0 0 0)
5.630000e+02	5 (0 0.237105 0.0983891 0.664506) (23.5 0.98061 1.35626) 1271 33072 2 33072 0.291419 0 5612 1 -1 1 4.3e-06 0 (0.480235 -0.0011709 0.207268) 2650 50.2914 0 (0 0 0) (0 0 0)
5.630000e+02	5 (0 0.348845 0.621099 0.0300555) (23.5 0.989217 1.29255) 1643 33064 2 33064 0.654638 0 5712 1 -1 1 4.3e-06 0 (0.40174 0.00125906 0.187172) 2650 50.6546 0 (0 0 0) (0 0 0)
5.630000e+02	5 (0 0.290738 0.547772 0.16149) (23.5 0.971612 1.35972) 1271 33072 2 33072 0.0588382 0 5676 1 -1 1 4.3e-06 0 (0.484616 0.00129743 0.208772) 2650 50.0588 0 (0 0 0) (0 0 0)
5.630000e+02	5 (0 0.524742 0.126054 0.349204) (23.5 0.95957 1.0963) 1845 33057 2 33057 0.789299 0 4684 1 -1 1 8.9e-06 0 (0.478614 0.0156884 0.247661) 2650 52.7893 0 (0 0 0) (0 0 0)
5.630000e+02	5 (0 0.416925 0.0233986 0.559677) (23.5 0.961979 1.15566) 1645 33060 2 33060 0.391758 0 6187 1 -1 1.00001 3.3e-06 0 (0.497172 0.0206821 0.250217) 2650 49.3918 0 (0 0 0) (0 0 0)
5.630000e+02	5 (0 0.0150561 0.6876 0.297343) (23.5 0.919553 1.40764) 949 33009 2 33009 0.93042 0 4371 1 -1 1 1.25e-05 0 (0.494357 -0.0234728 0.171854) 2650 53.9304 0 (0 0 0) (0 0 0)
5.630000e+02	5 (0 0.417832 0.0891542 0.493014) (23.5 0.913093 1.3734) 949 33009 1 33009 0.512302 0 4350 1 -1 1 1.25e-05 0 (0.492024 -0.00683439 0.184466) 2650 53.5123 0 (0 0 0) (0 0 0)
5.630000e+02	5 (0 0.388442 0.19219 0.419368) (23.5 0.914966 1.36829) 949 33009 1 33009 0.776435 0 4351 1 -1 1 1.25e-05 0 (0.491892 -0.00524992 0.188721) 2650 53.7764 0 (0 0 0) (0 0 0)
5.630000e+02	5 (0 0.375274 0.139172 0.485555) (23.5 0.915779 1.37288) 949 33009 1 33009 0.278133 0 4370 1 -1 1 1.25e-05 0 (0.492127 -0.00676214 0.186545) 2650 53.2781 0 (0 0 0) (0 0 0)
5.630000e+02	5 (0 0.282759 0.71426 0.00298036) (23.5 0.92136 1.38895) 949 33009 2 33009 0.905454 0 4935 1 -1 1 8.9e-06 0 (0.493082 -0.0121763 0.180818) 2650 52.9055 0 (0 0 0) (0 0 0)
5.630000e+02	5 (0 0.364801 0.546237 0.0889619) (23.5 0.971637 1.36477) 1271 33072 2 33072 0.737899 0 6072 1 -1 1.00001 3.3e-06 0 (0.485013 0.000752402 0.206445) 2650 49.7379 0 (0 0 0) (0 0 0)
5.630000e+02	5 (0 0.680095 0.157515 0.16239) (23.5 0.748048 1.21829) 951 32987 2 32987 0.170655 0 2776 1 -1 1 5.3e-05 0 (0.491167 0.0723247 0.125446) 2650 56.1707 0 (0 0 0) (0 0 0)
5.630000e+02	5 (0 0.524912 0.466788 0.00830041) (23.5 0.951909 1.30524) 1272 33066 2 33066 0.221351 0 6052 1 -1 1.00001 3.3e-06 0 (0.491477 0.0126888 0.232008) 2650 49.2214 0 (0 0 0) (0 0 0)
5.630000e+02	5 (0 0.819872 0.161983 0.0181453) (23.5 0.0207308 1.42056) 8 33031 2 33031 0.718956 0 3039 1 -1 1 3.26e-05 0 (0.532641 0.00764931 0.0489578) 2650 55.719 0 (0 0 0) (0 0 0)
5.630000e+02	5 (0 0.150739 0.569748 0.279514) (23.5 0.942822 1.45692) 948 33076 1 33076 0.776391 0 4616 1 -1 1 8.9e-06 0 (0.501284 -0.0323688 0.131197) 2650 52.7764 0 (0 0 0) (0 0 0)
5.630000e+02	5 (0 0.00551389 0.558927 0.435559) (23.5 0.876288 1.2269) 1106 32992 1 32992 0.668768 0 3829 1 -1 1 2.12e-05 0 (0.484126 0.0549366 0.185286) 2650 54.6688 0 (0 0 0) (0 0 0)
5.630000e+02	5 (0 0.460948 0.153907 0.385145) (23.5 0.886367 1.23429) 1273 32993 2 32993 0.726112 0 3869 1 -1 1 2.12e-05 0 (0.486129 0.0490177 0.19454) 2650 54.7261 0 (0 0 0) (0 0 0)
5.630000e+02	5 (0 0.155348 0.329878 0.514774) (23.5 0.897497 1.25612) 1273 32993 2 32993 0.922309 0 3350 1 -1 1 3.26e-05 0 (0.48949 0.037769 0.205555) 2650 55.9223 0 (0 0 0) (0 0 0)
5.630000e+02	5 (0 0.363433 0.266673 0.369894) (23.5 0.893483 1.24125) 1273 32993 2 32993 0.936157 0 3849 1 -1 1 2.12e-05 0 (0.487705 0.0442363 0.201317) 2650 54.9362 0 (0 0 0) (0 0 0)
5.630000e+02	5 (0 0.350778 0.284915 0.364307) (23.5 0.709724 1.22145) 806 32986 1 32986 0.808532 0 3889 1 -1 1 2.12e-05 0 (0.495934 0.065518 0.110623) 2650 54.8085 0 (0 0 0) (0 0 0)
5.630000e+02	5 (0 0.75149 0.0538962 0.194614) (23.5 0.825895 1.20944) 1106 32992 1 32992 0.397576 0 3909 1 -1 1 2.12e-05 0 (0.482014 0.0766304 0.1604) 2650 54.3976 0 (0 0 0) (0 0 0)
5.630000e+02	5 (0 0.456622 0.361887 0.181492) (23.5 0.910938 1.28028) 1105 33007 1 33007 0.702433 0 4915 1 -1 1 8.9e-06 0 (0.491456 0.0264212 0.21508) 2650 52.7024 0 (0 0 0) (0 0 0)
5.630000e+02	5 (0 0.121322 0.432045 0.446632) (23.5 0.868165 1.15779) 1274 32990 1 32990 0.0985621 0 4854 1 -1 1 8.9e-06 0 (0.475719 0.0634876 0.175133) 2650 52.0986 0 (0 0 0) (0 0 0)
5.630000e+02	5 (0 0.000593035 0.867609 0.131798) (23.5 0.659913 1.2767) 560 32995 1 32995 0.869869 0 2756 1 -1 1 5.3e-05 0 (0.498302 0.0361582 0.0602267) 2650 56.8699 0 (0 0 0) (0 0 0)
5.630000e+02	5 (0 0.158249 0.662046 0.179706) (23.5 0.724461 1.20818) 806 32986 1 32986 0.629726 0 2917 1 -1 1 5.3e-05 0 (0.49497 0.0735641 0.121114) 2650 56.6297 0 (0 0 0) (0 0 0)
5.630000e+02	5 (0 0.0341765 0.185216 0.780608) (23.5 0.733868 1.1802) 952 32984 1 32984 0.374687 0 4834 1 -1 1 8.9e-06 0 (0.496005 0.082724 0.143916) 2650 52.3747 0 (0 0 0) (0 0 0)
5.630000e+02	5 (0 0.452896 0.321527 0.225577) (23.5 0.845678 1.14251) 1274 32990 1 32990 0.695487 0 5015 1 -1 1 6.4e-06 0 (0.476922 0.0695005 0.176082) 2650 51.6955 0 (0 0 0) (0 0 0)
5.630000e+02	5 (0 0.243501 0.0797307 0.676769) (23.5 0.586846 1.32192) 560 32995 2 32995 0.738003 0 3448 1 -1 1 3.26e-05 0 (0.505125 0.0107746 0.0288645) 2650 55.738 0 (0 0 0) (0 0 0)
5.630000e+02	5 (0 0.46912 0.512972 0.0179081) (23.5 0.70059 1.19653) 806 32986 1 32986 0.936187 0 3870 1 -1 1 2.12e-05 0 (0.499398 0.0739621 0.121576) 2650 54.9362 0 (0 0 0) (0 0 0)
5.630000e+02	5 (0 0.264478 0.474801 0.260721) (23.5 0.696221 1.17707) 952 32984 2 32984 0.906832 0 4910 1 -1 1 8.9e-06 0 (0.501289 0.0784542 0.133381) 2650 52.9068 0 (0 0 0) (0 0 0)
5.630000e+02	5 (0 0.310774 0.347199 0.342027) (23.5 0.686422 1.17388) 952 32984 2 32984 0.479121 0 4930 1 -1 1 8.9e-06 0 (0.502898 0.0775279 0.132182) 2650 52.4791 0 (0 0 0) (0 0 0)
5.630000e+02	5 (0 0.0194249 0.37016 0.610415) (23.5 0.658234 1.16845) 807 32981 1 32981 0.0993428 0 4952 1 -1 1 8.9e-06 0 (0.507265 0.0739369 0.126477) 2650 52.0993 0 (0 0 0) (0 0 0)
5.630000e+02	5 (0 0.0937737 0.838271 0.0679557) (23.5 0.567497 1.18874) 678 32980 2 32980 0.444671 0 3968 1 -1 1 2.12e-05 0 (0.519541 0.0561189 0.0981233) 2650 54.4447 0 (0 0 0) (0 0 0)
5.630000e+02	5 (0 0.0980243 0.871766 0.0302094) (23.5 0.570194 1.18845) 678 32980 2 32980 0.521608 0 3970 1 -1 1 2.12e-05 0 (0.519168 0.0566253 0.09851) 2650 54.5216 0 (0 0 0) (0 0 0)
5.630000e+02	5 (0 0.275547 0.561154 0.163299) (23.5 0.625017 1.17627) 807 32981 2 32981 0.675646 0 4948 1 -1 1 8.9e-06 0 (0.511374 0.0672148 0.115472) 2650 52.6756 0 (0 0 0) (0 0 0)
5.630000e+02	5 (0 0.806633 0.0835322 0.109835) (23.5 0.50673 1.20908) 561 32982 2 32982 0.0165893 0 4425 1 -1 1 1.25e-05 0 (0.527016 0.0407334 0.0816883) 2650 53.0166 0 (0 0 0) (0 0 0)
5.630000e+02	5 (0 0.32684 0.533218 0.139942) (23.5 0.700686 1.17279) 952 32984 2 32984 0.948396 0 5354 1 -1 1 6.4e-06 0 (0.500915 0.0803778 0.137823) 2650 51.9484 0 (0 0 0) (0 0 0)
5.630000e+02	5 (0 0.212493 0.707509 0.0799978) (23.5 0.324159 1.41489) 113 32973 1 32973 0.395368 0 2356 1 -1 1 7.5e-05 0 (0.542425 0.00570168 0.00865397) 2650 57.3954 0 (0 0 0) (0 0 0)
5.630000e+02	5 (0 0.195248 0.292378 0.512374) (23.5 0.603699 1.18178) 807 32981 2 32981 0.842248 0 3967 1 -1 1 2.12e-05 0 (0.514549 0.0630455 0.1077) 2650 54.8422 0 (0 0 0) (0 0 0)
5.630000e+02	5 (0 0.078883 0.808658 0.112459) (23.5 0.565113 1.18976) 678 32980 2 32980 0.885246 0 4928 1 -1 1 8.9e-06 0 (0.519873 0.0554866 0.0975839) 2650 52.8852 0 (0 0 0) (0 0 0)
5.630000e+02	5 (0 0.229634 0.201908 0.568458) (23.5 0.596517 1.17941) 807 32981 2 32981 0.753037 0 5429 1 -1 1 6.4e-06 0 (0.515738 0.0626695 0.108405) 2650 51.753 0 (0 0 0) (0 0 0)
5.630000e+02	5 (0 0.677202 0.174973 0.147825) (23.5 0.514097 1.21839) 561 32982 2 32982 0.675839 0 2115 1 -1 1 7.5e-05 0 (0.525356 0.0391187 0.0722102) 2650 57.6758 0 (0 0 0) (0 0 0)
5.630000e+02	5 (0 0.0833153 0.079044 0.837641) (23.5 0.573803 1.18403) 678 32980 1 32980 0.800697 0 5448 1 -1 1 6.4e-06 0 (0.518832 0.0583001 0.102097) 2650 51.8007 0 (0 0 0) (0 0 0)
5.630000e+02	5 (0 0.268516 0.44542 0.286063) (23.5 0.478378 1.21575) 454 32957 1 32957 0.153388 0 4968 1 -1 1 8.9e-06 0 (0.530483 0.0356134 0.0768109) 2650 52.1534 0 (0 0 0) (0 0 0)
5.630000e+02	5 (0 0.16145 0.792377 0.0461734) (23.5 0.563802 1.18409) 678 32980 2 32980 0.695912 0 5935 1 -1 1 4.3e-06 0 (0.520022 0.0566382 0.101452) 2650 50.6959 0 (0 0 0) (0 0 0)
5.630000e+02	5 (0 0.15175 0.128945 0.719305) (23.5 0.407542 1.38992) 213 32970 1 32970 0.902789 0 2417 1 -1 1 7.5e-05 0 (0.529156 -0.00433831 0.00531642) 2650 57.9028 0 (0 0 0) (0 0 0)
5.630000e+02	5 (0 0.458308 0.437702 0.103991) (23.5 0.454717 1.23414) 454 32957 2 32957 0.577555 0 4926 1 -1 1 8.9e-06 0 (0.53267 0.0284298 0.0658411) 2650 52.5776 0 (0 0 0) (0 0 0)
5.630000e+02	5 (0 0.444083 0.235404 0.320513) (23.5 0.438417 1.23517) 454 32957 2 32957 0.284002 0 5928 1 -1 1 4.3e-06 0 (0.535086 0.0272697 0.065591) 2650 50.284 0 (0 0 0) (0 0 0)
5.630000e+02	5 (0 0.13561 0.716635 0.147755) (23.5 0.39694 1.25737) 362 32956 2 32956 0.573677 0 5947 1 -1 1 4.3e-06 0 (0.540229 0.0204135 0.0535517) 2650 50.5737 0 (0 0 0) (0 0 0)
5.630000e+02	5 (0 0.584238 0.234906 0.180856) (23.5 0.139801 1.08927) 285 32941 2 32941 0.916485 0 3063 1 -1 1 3.26e-05 0 (0.513301 -0.0264155 0.146541) 2650 55.9165 0 (0 0 0) (0 0 0)
5.630000e+02	5 (0 0.0788838 0.450907 0.470209) (23.5 0.157822 1.53494) 30 33034 1 33034 0.107428 0 6952 1 -1 1 1.3e-06 0 (0.557623 0.0152173 0.00137711) 2650 48.1074 0 (0 0 0) (0 0 0)
5.630000e+02	5 (0 0.284323 0.0492695 0.666408) (23.5 0.242701 1.24325) 215 32952 1 32952 0.249985 0 6972 1 -1 1 1.3e-06 0 (0.559555 0.0229897 0.0687875) 2650 48.25 0 (0 0 0) (0 0 0)
5.630000e+02	5 (0 0.527801 0.0827373 0.389462) (23.5 0.0469213 1.53467) 7 33098 2 33098 0.27152 0 6512 1 -1 1 1.3e-06 0 (0.5526 0.00339729 0.00226693) 2650 48.2715 0 (0 0 0) (0 0 0)
5.640000e+02	5 (0 0.0716037 0.464854 0.463542) (23.5 0.6172 1.40456) 452 32997 2 32997 0.22296 0 1597 1 -1 1 0.00011 0 (0.490752 -0.0404218 0.000447665) 2650 59.223 0 (0 0 0) (0 0 0)
5.640000e+02	5 (0 0.0458052 0.453516 0.500679) (23.5 0.992072 1.41145) 1270 33074 2 33074 0.0313521 0 3191 1 -1 1 3.26e-05 0 (0.369359 -0.00741856 0.141321) 2650 56.0314 0 (0 0 0) (0 0 0)
5.640000e+02	5 (0 0.598828 0.0731254 0.328047) (23.5 0.779565 1.48062) 450 33069 2 33069 0.444715 0 1778 1 -1 1 0.00011 0 (0.486271 -0.113952 0.0400091) 2650 59.4447 0 (0 0 0) (0 0 0)
5.640000e+02	5 (0 0.582334 0.101374 0.316292) (23.5 0.955489 1.04829) 2056 33107 1 33107 0.884638 0 5145 1 -1 1 6.4e-06 0 (0.451777 0.0140478 0.240681) 2650 52.8846 0 (0 0 0) (0 0 0)
5.640000e+02	5 (0 0.216336 0.466978 0.316686) (23.5 0.787483 1.52613) 450 33069 1 33069 0.631629 0 3335 1 -1 1 3.26e-05 0 (0.488999 -0.133127 0.0128778) 2650 56.6316 0 (0 0 0) (0 0 0)
5.640000e+02	5 (0 0.143148 0.588267 0.268585) (23.5 0.985031 1.45833) 1270 33074 1 33074 0.699354 0 4314 1 -1 1 1.25e-05 0 (0.460088 -0.0100347 0.126859) 2650 54.6994 0 (0 0 0) (0 0 0)
5.640000e+02	5 (0 0.523484 0.39492 0.0815961) (23.5 0.870931 1.50629) 557 33070 1 33070 0.288307 0 3896 1 -1 1 2.12e-05 0 (0.502551 -0.0907948 0.0503244) 2650 55.2883 0 (0 0 0) (0 0 0)
5.640000e+02	5 (0 0.330628 0.276453 0.392919) (23.5 0.851051 1.51871) 557 33070 1 33070 0.948679 0 3957 1 -1 1 2.12e-05 0 (0.499394 -0.105692 0.0316383) 2650 55.9487 0 (0 0 0) (0 0 0)
5.640000e+02	5 (0 0.412786 0.571998 0.0152161) (23.5 0.902425 1.51242) 673 33077 2 33077 0.70507 0 4334 1 -1 1 1.25e-05 0 (0.504917 -0.0747174 0.0489863) 2650 54.7051 0 (0 0 0) (0 0 0)
5.640000e+02	5 (0 0.540744 0.0171033 0.442153) (23.5 0.91022 1.47669) 673 33077 2 33077 0.328822 0 4391 1 -1 1 1.25e-05 0 (0.502534 -0.0600992 0.105117) 2650 54.3288 0 (0 0 0) (0 0 0)
5.640000e+02	5 (0 0.764939 0.202456 0.0326046) (23.5 0.957797 1.11209) 1845 33057 2 33057 0.694156 0 5645 1 -1 1 4.3e-06 0 (0.479825 0.0214173 0.249138) 2650 51.6942 0 (0 0 0) (0 0 0)
5.640000e+02	5 (0 0.0892192 0.792252 0.118528) (23.5 0.984088 1.40025) 1452 33071 1 33071 0.514956 0 5652 1 -1 1 4.3e-06 0 (0.462652 -0.00664932 0.184656) 2650 51.515 0 (0 0 0) (0 0 0)
5.640000e+02	5 (0 0.0278658 0.928927 0.0432068) (23.5 0.983761 1.41025) 1270 33074 2 33074 0.704747 0 5653 1 -1 1 4.3e-06 0 (0.467309 -0.00751954 0.18109) 2650 51.7047 0 (0 0 0) (0 0 0)
5.640000e+02	5 (0 0.541748 0.126515 0.331737) (23.5 0.905063 1.43103) 803 33011 1 33011 0.176167 0 3830 1 -1 1 2.12e-05 0 (0.495639 -0.03702 0.145018) 2650 55.1762 0 (0 0 0) (0 0 0)
5.640000e+02	5 (0 0.225352 0.362818 0.41183) (23.5 0.898958 1.46058) 803 33011 2 33011 0.597551 0 3850 1 -1 1 2.12e-05 0 (0.499881 -0.056667 0.116105) 2650 55.5976 0 (0 0 0) (0 0 0)
5.640000e+02	5 (0 0.197047 0.325274 0.477679) (23.5 0.89657 1.46247) 803 33011 2 33011 0.904372 0 3851 1 -1 1 2.12e-05 0 (0.500083 -0.0592081 0.113794) 2650 55.9044 0 (0 0 0) (0 0 0)
5.640000e+02	5 (0 0.304995 0.352602 0.342403) (23.5 0.920034 1.43164) 803 33011 1 33011 0.0223966 0 4372 1 -1 1 1.25e-05 0 (0.496068 -0.0334135 0.152398) 2650 54.0224 0 (0 0 0) (0 0 0)
5.640000e+02	5 (0 0.145528 0.549688 0.304784) (23.5 0.910803 1.46589) 803 33011 2 33011 0.459277 0 4392 1 -1 1 1.25e-05 0 (0.501043 -0.0533366 0.11525) 2650 54.4593 0 (0 0 0) (0 0 0)
5.640000e+02	5 (0 0.0266707 0.64584 0.32749) (23.5 0.916917 1.40685) 949 33009 2 33009 0.105347 0 4352 1 -1 1 1.25e-05 0 (0.49226 -0.0253073 0.176137) 2650 54.1053 0 (0 0 0) (0 0 0)
5.640000e+02	5 (0 0.739338 0.179889 0.0807734) (23.5 0.92292 1.48716) 673 33077 2 33077 0.729863 0 4932 1 -1 1 8.9e-06 0 (0.503714 -0.0559212 0.0930926) 2650 53.7299 0 (0 0 0) (0 0 0)
5.640000e+02	5 (0 0.261348 0.345012 0.393639) (23.5 0.761719 1.24841) 951 32987 2 32987 0.181196 0 1709 1 -1 1 0.00011 0 (0.485235 0.0638438 0.10784) 2650 59.1812 0 (0 0 0) (0 0 0)
5.640000e+02	5 (0 0.505785 0.275578 0.218638) (23.5 0.956168 1.16173) 1645 33060 2 33060 0.523252 0 6647 1 -1 1 1.3e-06 0 (0.491849 0.0245587 0.247737) 2650 49.5233 0 (0 0 0) (0 0 0)
5.640000e+02	5 (0 0.329224 0.12617 0.544606) (23.5 0.854455 1.2346) 1106 32992 1 32992 0.0290803 0 2697 1 -1 1 5.3e-05 0 (0.480914 0.0625912 0.172411) 2650 57.0291 0 (0 0 0) (0 0 0)
5.640000e+02	5 (0 0.292884 0.403321 0.303794) (23.5 0.901704 1.38838) 949 33009 2 33009 0.487902 0 3832 1 -1 1 2.12e-05 0 (0.490542 -0.0178083 0.175384) 2650 55.4879 0 (0 0 0) (0 0 0)
5.640000e+02	5 (0 0.242186 0.656259 0.101555) (23.5 0.923991 1.41547) 803 33011 1 33011 0.574007 0 4933 1 -1 1 8.9e-06 0 (0.493619 -0.0269351 0.171877) 2650 53.574 0 (0 0 0) (0 0 0)
5.640000e+02	5 (0 0.310685 0.584289 0.105026) (23.5 0.96868 1.40119) 1271 33072 1 33072 0.264865 0 6073 1 -1 1.00001 3.3e-06 0 (0.48638 -0.00674974 0.193493) 2650 50.2649 0 (0 0 0) (0 0 0)
5.640000e+02	5 (0 0.271648 0.484207 0.244145) (23.5 0.967919 1.39163) 1271 33072 1 33072 0.151767 0 6074 1 -1 1.00001 3.3e-06 0 (0.486176 -0.00472758 0.198984) 2650 50.1518 0 (0 0 0) (0 0 0)
5.640000e+02	5 (0 0.226155 0.620394 0.15345) (23.5 0.970052 1.42384) 1103 33075 2 33075 0.672137 0 6092 1 -1 1.00001 3.3e-06 0 (0.488808 -0.00930789 0.172607) 2650 50.6721 0 (0 0 0) (0 0 0)
5.640000e+02	5 (0 0.665641 0.334156 0.000202655) (23.5 0.897744 1.29131) 1105 33007 2 33007 0.334117 0 3429 1 -1 1 3.26e-05 0 (0.486254 0.0302091 0.201055) 2650 56.3341 0 (0 0 0) (0 0 0)
5.640000e+02	5 (0 0.0919323 0.416279 0.491788) (23.5 0.902789 1.3326) 1105 33007 2 33007 0.785962 0 4309 1 -1 1 1.25e-05 0 (0.487614 0.0082084 0.202163) 2650 54.786 0 (0 0 0) (0 0 0)
5.640000e+02	5 (0 0.481874 0.332465 0.185661) (23.5 0.897605 1.23278) 1273 32993 2 32993 0.127664 0 4330 1 -1 1 1.25e-05 0 (0.484169 0.0486419 0.204519) 2650 54.1277 0 (0 0 0) (0 0 0)
5.640000e+02	5 (0 0.41628 0.501254 0.082466) (23.5 0.907952 1.37973) 949 33009 2 33009 0.843137 0 4332 1 -1 1 1.25e-05 0 (0.490026 -0.010913 0.182409) 2650 54.8431 0 (0 0 0) (0 0 0)
5.640000e+02	5 (0 0.117524 0.473211 0.409265) (23.5 0.906043 1.40059) 949 33009 2 33009 0.926366 0 4373 1 -1 1 1.25e-05 0 (0.491553 -0.0242121 0.17296) 2650 54.9264 0 (0 0 0) (0 0 0)
5.640000e+02	5 (0 0.367606 0.551881 0.0805128) (23.5 0.911131 1.3831) 949 33009 2 33009 0.600009 0 4912 1 -1 1 8.9e-06 0 (0.490349 -0.0121822 0.182775) 2650 53.6 0 (0 0 0) (0 0 0)
5.640000e+02	5 (0 0.190125 0.155868 0.654008) (23.5 0.95882 1.42132) 948 33076 2 33076 0.869626 0 6055 1 -1 1.00001 3.3e-06 0 (0.491672 -0.0132326 0.175789) 2650 50.8696 0 (0 0 0) (0 0 0)
5.640000e+02	5 (0 0.232781 0.179234 0.587985) (23.5 0.967107 1.43644) 1103 33075 1 33075 0.904825 0 6093 1 -1 1.00001 3.3e-06 0 (0.491897 -0.0120594 0.159382) 2650 50.9048 0 (0 0 0) (0 0 0)
5.640000e+02	5 (0 0.131238 0.207254 0.661508) (23.5 0.965065 1.43141) 1103 33075 1 33075 0.866868 0 6094 1 -1 1.00001 3.3e-06 0 (0.491789 -0.012085 0.165031) 2650 50.8669 0 (0 0 0) (0 0 0)
5.640000e+02	5 (0 0.34271 0.233556 0.423734) (23.5 0.784314 1.22581) 951 32987 1 32987 0.628936 0 3330 1 -1 1 3.26e-05 0 (0.482729 0.0748278 0.135829) 2650 56.6289 0 (0 0 0) (0 0 0)
5.640000e+02	5 (0 0.589858 0.323718 0.0864239) (23.5 0.902563 1.27345) 1105 33007 1 33007 0.497077 0 3753 1 -1 1 2.12e-05 0 (0.488107 0.0331003 0.211174) 2650 55.4971 0 (0 0 0) (0 0 0)
5.640000e+02	5 (0 0.257052 0.398699 0.344249) (23.5 0.901395 1.39089) 949 33009 2 33009 0.815952 0 3852 1 -1 1 2.12e-05 0 (0.490723 -0.0194238 0.174208) 2650 55.816 0 (0 0 0) (0 0 0)
5.640000e+02	5 (0 0.470323 0.336418 0.193259) (23.5 0.950422 1.32551) 1272 33066 1 33066 0.329343 0 6571 1 -1 1 1.3e-06 0 (0.488682 0.00802922 0.232795) 2650 49.3293 0 (0 0 0) (0 0 0)
5.640000e+02	5 (0 0.513975 0.230451 0.255574) (23.5 0.957195 1.37491) 1104 33073 2 33073 0.867074 0 6573 1 -1 1 1.3e-06 0 (0.488308 -0.00218245 0.208926) 2650 49.8671 0 (0 0 0) (0 0 0)
5.640000e+02	5 (0 0.152234 0.832496 0.0152698) (23.5 0.943076 1.33817) 1272 33066 1 33066 0.0975962 0 6591 1 -1 1 1.3e-06 0 (0.489276 0.00368685 0.229154) 2650 49.0976 0 (0 0 0) (0 0 0)
5.640000e+02	5 (0 0.365783 0.159702 0.474515) (23.5 0.630864 1.30151) 560 32995 1 32995 0.343669 0 2135 1 -1 1 7.5e-05 0 (0.500696 0.0202064 0.0407161) 2650 58.3437 0 (0 0 0) (0 0 0)
5.640000e+02	5 (0 0.0589573 0.62414 0.316903) (23.5 0.970102 1.34388) 1271 33072 2 33072 0.00181958 0 6611 1 -1 1 1.3e-06 0 (0.482302 0.00345403 0.223749) 2650 49.0018 0 (0 0 0) (0 0 0)
5.640000e+02	5 (0 0.0806438 0.589702 0.329654) (23.5 0.871199 1.21931) 1106 32992 1 32992 0.62568 0 3812 1 -1 1 2.12e-05 0 (0.479443 0.0626378 0.180137) 2650 55.6257 0 (0 0 0) (0 0 0)
5.640000e+02	5 (0 0.348121 0.0131284 0.638751) (23.5 0.660948 1.2421) 806 32986 2 32986 0.14642 0 2775 1 -1 1 5.3e-05 0 (0.501191 0.0508757 0.0777492) 2650 57.1464 0 (0 0 0) (0 0 0)
5.640000e+02	5 (0 0.392442 0.0462159 0.561342) (23.5 0.663483 1.23892) 806 32986 2 32986 0.212217 0 3449 1 -1 1 3.26e-05 0 (0.501123 0.0524518 0.082097) 2650 56.2122 0 (0 0 0) (0 0 0)
5.640000e+02	5 (0 0.558013 0.313018 0.128969) (23.5 0.69379 1.20451) 806 32986 1 32986 0.35659 0 3929 1 -1 1 2.12e-05 0 (0.499066 0.0710469 0.114404) 2650 55.3566 0 (0 0 0) (0 0 0)
5.640000e+02	5 (0 0.813547 0.154366 0.0320874) (23.5 0.750096 1.19761) 951 32987 1 32987 0.244142 0 4390 1 -1 1 1.25e-05 0 (0.489653 0.0838632 0.137495) 2650 54.2441 0 (0 0 0) (0 0 0)
5.640000e+02	5 (0 0.400513 0.327509 0.271978) (23.5 0.914396 1.21518) 1273 32993 1 32993 0.658061 0 4871 1 -1 1 8.9e-06 0 (0.48765 0.0440245 0.221981) 2650 53.6581 0 (0 0 0) (0 0 0)
5.640000e+02	5 (0 0.523647 0.12816 0.348193) (23.5 0.906644 1.22062) 1273 32993 1 32993 0.509491 0 4911 1 -1 1 8.9e-06 0 (0.48538 0.047804 0.213184) 2650 53.5095 0 (0 0 0) (0 0 0)
5.640000e+02	5 (0 0.0967114 0.119003 0.784285) (23.5 0.869967 1.18094) 1274 32990 1 32990 0.833898 0 4850 1 -1 1 8.9e-06 0 (0.474886 0.0686108 0.177312) 2650 53.8339 0 (0 0 0) (0 0 0)
5.640000e+02	5 (0 0.682945 0.056055 0.261) (23.5 0.879838 1.14896) 1455 32991 2 32991 0.375394 0 5435 1 -1 1 6.4e-06 0 (0.467078 0.0578521 0.168882) 2650 52.3754 0 (0 0 0) (0 0 0)
5.640000e+02	5 (0 0.0204585 0.0551728 0.924369) (23.5 0.578861 1.33408) 453 32994 1 32994 0.424894 0 3409 1 -1 1 3.26e-05 0 (0.505439 0.00424124 0.0198753) 2650 56.4249 0 (0 0 0) (0 0 0)
5.640000e+02	5 (0 0.185835 0.472428 0.341737) (23.5 0.795675 1.21995) 951 32987 1 32987 0.763201 0 3831 1 -1 1 2.12e-05 0 (0.480149 0.0784872 0.140395) 2650 55.7632 0 (0 0 0) (0 0 0)
5.640000e+02	5 (0 0.451239 0.229844 0.318917) (23.5 0.598768 1.30688) 560 32995 2 32995 0.721067 0 3905 1 -1 1 2.12e-05 0 (0.505341 0.0161694 0.0363862) 2650 55.7211 0 (0 0 0) (0 0 0)
5.640000e+02	5 (0 0.681976 0.216996 0.101028) (23.5 0.752363 1.21815) 951 32987 2 32987 0.988079 0 3813 1 -1 1 2.12e-05 0 (0.488823 0.0752345 0.129672) 2650 55.9881 0 (0 0 0) (0 0 0)
5.640000e+02	5 (0 0.703826 0.119915 0.176259) (23.5 0.669105 1.21651) 806 32986 2 32986 0.475122 0 2755 1 -1 1 5.3e-05 0 (0.50219 0.0616477 0.0962877) 2650 57.4751 0 (0 0 0) (0 0 0)
5.640000e+02	5 (0 0.0199802 0.0170609 0.962959) (23.5 0.661171 1.19383) 952 32984 2 32984 0.190911 0 3871 1 -1 1 2.12e-05 0 (0.505442 0.0686517 0.109218) 2650 55.1909 0 (0 0 0) (0 0 0)
5.640000e+02	5 (0 0.272367 0.344068 0.383565) (23.5 0.686192 1.17652) 952 32984 2 32984 0.13059 0 4909 1 -1 1 8.9e-06 0 (0.502372 0.07836 0.130555) 2650 53.1306 0 (0 0 0) (0 0 0)
5.640000e+02	5 (0 0.208554 0.734167 0.0572786) (23.5 0.86252 1.19979) 1106 32992 1 32992 0.952458 0 4891 1 -1 1 8.9e-06 0 (0.47741 0.0722362 0.17446) 2650 53.9525 0 (0 0 0) (0 0 0)
5.640000e+02	5 (0 0.410926 0.0543796 0.534695) (23.5 0.584846 1.30979) 560 32995 2 32995 0.801526 0 3447 1 -1 1 3.26e-05 0 (0.507232 0.0147611 0.0316622) 2650 56.8015 0 (0 0 0) (0 0 0)
5.640000e+02	5 (0 0.680661 0.306138 0.0132006) (23.5 0.684363 1.19617) 806 32986 1 32986 0.511481 0 4410 1 -1 1 1.25e-05 0 (0.501332 0.0725925 0.11621) 2650 54.5115 0 (0 0 0) (0 0 0)
5.640000e+02	5 (0 0.0100424 0.897082 0.0928756) (23.5 0.659081 1.20188) 677 32983 1 32983 0.778939 0 4430 1 -1 1 1.25e-05 0 (0.505102 0.0654398 0.103864) 2650 54.7789 0 (0 0 0) (0 0 0)
5.640000e+02	5 (0 0.197804 0.200276 0.60192) (23.5 0.675181 1.18163) 952 32984 2 32984 0.246773 0 4450 1 -1 1 1.25e-05 0 (0.503893 0.0747584 0.122992) 2650 54.2468 0 (0 0 0) (0 0 0)
5.640000e+02	5 (0 0.82 0.0856733 0.0943272) (23.5 0.821254 1.20225) 1106 32992 1 32992 0.973191 0 5432 1 -1 1 6.4e-06 0 (0.477517 0.084338 0.156614) 2650 52.9732 0 (0 0 0) (0 0 0)
5.640000e+02	5 (0 0.225244 0.494722 0.280034) (23.5 0.697758 1.17977) 952 32984 2 32984 0.350878 0 4889 1 -1 1 8.9e-06 0 (0.50019 0.0798386 0.132409) 2650 53.3509 0 (0 0 0) (0 0 0)
5.640000e+02	5 (0 0.373253 0.12936 0.497387) (23.5 0.510398 1.38342) 360 32996 2 32996 0.173736 0 3389 1 -1 1 3.26e-05 0 (0.511151 -0.0170869 0.00295715) 2650 56.1737 0 (0 0 0) (0 0 0)
5.640000e+02	5 (0 0.141097 0.0225192 0.836384) (23.5 0.648651 1.18396) 807 32981 1 32981 0.58136 0 3930 1 -1 1 2.12e-05 0 (0.507727 0.0693063 0.113531) 2650 55.5814 0 (0 0 0) (0 0 0)
5.640000e+02	5 (0 0.0426813 0.0204188 0.9369) (23.5 0.656471 1.19087) 807 32981 1 32981 0.91059 0 3951 1 -1 1 2.12e-05 0 (0.506282 0.0686628 0.110182) 2650 55.9106 0 (0 0 0) (0 0 0)
5.640000e+02	5 (0 0.235706 0.136581 0.627713) (23.5 0.670286 1.17902) 952 32984 2 32984 0.77417 0 3467 1 -1 1 3.26e-05 0 (0.504903 0.0744606 0.122272) 2650 56.7742 0 (0 0 0) (0 0 0)
5.640000e+02	5 (0 0.184157 0.271054 0.544789) (23.5 0.602008 1.18254) 807 32981 2 32981 0.0536909 0 3969 1 -1 1 2.12e-05 0 (0.515135 0.0629195 0.106051) 2650 55.0537 0 (0 0 0) (0 0 0)
5.640000e+02	5 (0 0.27513 0.195068 0.529802) (23.5 0.674762 1.17632) 952 32984 2 32984 0.306255 0 4929 1 -1 1 8.9e-06 0 (0.504325 0.0760946 0.126622) 2650 53.3063 0 (0 0 0) (0 0 0)
5.640000e+02	5 (0 0.291788 0.691566 0.0166465) (23.5 0.712841 1.17521) 952 32984 2 32984 0.633815 0 5410 1 -1 1 6.4e-06 0 (0.497941 0.0841177 0.141) 2650 52.6338 0 (0 0 0) (0 0 0)
5.640000e+02	5 (0 0.300297 0.16615 0.533552) (23.5 0.672538 1.17459) 952 32984 2 32984 0.619699 0 4949 1 -1 1 8.9e-06 0 (0.504819 0.0761062 0.127038) 2650 53.6197 0 (0 0 0) (0 0 0)
5.640000e+02	5 (0 0.171045 0.125687 0.703268) (23.5 0.646247 1.17482) 807 32981 1 32981 0.631428 0 5430 1 -1 1 6.4e-06 0 (0.508645 0.0713729 0.119816) 2650 52.6314 0 (0 0 0) (0 0 0)
5.640000e+02	5 (0 0.344096 0.6514 0.00450408) (23.5 0.709747 1.17162) 952 32984 2 32984 0.833259 0 4970 1 -1 1 8.9e-06 0 (0.49871 0.0844516 0.142375) 2650 53.8333 0 (0 0 0) (0 0 0)
5.640000e+02	5 (0 0.396814 0.43378 0.169406) (23.5 0.693042 1.16798) 952 32984 2 32984 0.238933 0 4969 1 -1 1 8.9e-06 0 (0.50179 0.0820347 0.138962) 2650 53.2389 0 (0 0 0) (0 0 0)
5.640000e+02	5 (0 0.0989719 0.413042 0.487986) (23.5 0.613283 1.18839) 807 32981 2 32981 0.66469 0 2173 1 -1 1 7.5e-05 0 (0.513205 0.0631535 0.0998011) 2650 58.6647 0 (0 0 0) (0 0 0)
5.640000e+02	5 (0 0.295721 0.532789 0.17149) (23.5 0.622764 1.17488) 807 32981 2 32981 0.595801 0 5449 1 -1 1 6.4e-06 0 (0.512034 0.0678702 0.115445) 2650 52.5958 0 (0 0 0) (0 0 0)
5.640000e+02	5 (0 0.121624 0.567444 0.310933) (23.5 0.625532 1.18684) 807 32981 2 32981 0.914544 0 2192 1 -1 1 7.5e-05 0 (0.511299 0.0653221 0.103091) 2650 58.9145 0 (0 0 0) (0 0 0)
5.640000e+02	5 (0 0.0878004 0.52189 0.39031) (23.5 0.461503 1.33319) 361 32969 2 32969 0.361184 0 1728 1 -1 1 0.00011 0 (0.52595 0.00369789 0.0111375) 2650 59.3612 0 (0 0 0) (0 0 0)
5.640000e+02	5 (0 0.737664 0.18419 0.0781453) (23.5 0.361209 1.41477) 157 32974 1 32974 0.0715759 0 3384 1 -1 1 3.26e-05 0 (0.537475 -0.00476971 0.00804424) 2650 56.0716 0 (0 0 0) (0 0 0)
5.640000e+02	5 (0 0.156787 0.462689 0.380524) (23.5 0.407201 1.43485) 157 32974 1 32974 0.937234 0 3329 1 -1 1 3.26e-05 0 (0.526935 -0.0176904 0.00072685) 2650 56.9372 0 (0 0 0) (0 0 0)
5.640000e+02	5 (0 0.212954 0.563424 0.223622) (23.5 0.625204 1.18057) 807 32981 2 32981 0.863788 0 4447 1 -1 1 1.25e-05 0 (0.511491 0.0667682 0.111867) 2650 54.8638 0 (0 0 0) (0 0 0)
5.640000e+02	5 (0 0.0859036 0.551978 0.362119) (23.5 0.544445 1.18928) 678 32980 2 32980 0.844074 0 6428 1 -1 1.00001 3.3e-06 0 (0.523224 0.0517585 0.0954046) 2650 50.8441 0 (0 0 0) (0 0 0)
5.640000e+02	5 (0 0.722806 0.0999829 0.177211) (23.5 0.427494 1.2872) 361 32969 2 32969 0.853788 0 3405 1 -1 1 3.26e-05 0 (0.534985 0.013851 0.0393844) 2650 56.8538 0 (0 0 0) (0 0 0)
5.640000e+02	5 (0 0.465419 0.164061 0.37052) (23.5 0.462523 1.22183) 454 32957 1 32957 0.627438 0 6447 1 -1 1.00001 3.3e-06 0 (0.53292 0.0307611 0.0716055) 2650 50.6274 0 (0 0 0) (0 0 0)
5.640000e+02	5 (0 0.573493 0.35753 0.0689772) (23.5 0.29621 1.34442) 158 32967 1 32967 0.454154 0 3806 1 -1 1 2.12e-05 0 (0.551045 0.014828 0.0305019) 2650 55.4542 0 (0 0 0) (0 0 0)
5.640000e+02	5 (0 0.186845 0.734146 0.079009) (23.5 0.31974 1.32606) 214 32965 2 32965 0.879663 0 4864 1 -1 1 8.9e-06 0 (0.548762 0.0127164 0.0324456) 2650 53.8797 0 (0 0 0) (0 0 0)
5.640000e+02	5 (0 0.282882 0.362103 0.355015) (23.5 0.236788 1.5219) 50 33035 1 33035 0.744423 0 4946 1 -1 1 8.9e-06 0 (0.553017 0.00646311 0.00232772) 2650 53.7444 0 (0 0 0) (0 0 0)
5.640000e+02	5 (0 0.193033 0.301284 0.505683) (23.5 0.325278 1.30379) 214 32965 1 32965 0.651003 0 6951 1 -1 1 1.3e-06 0 (0.549018 0.0142632 0.0387219) 2650 49.651 0 (0 0 0) (0 0 0)
5.640000e+02	5 (0 0.390653 0.239455 0.369893) (23.5 0.218861 1.49129) 50 33035 2 33035 0.461892 0 6432 1 -1 1.00001 3.3e-06 0 (0.555121 0.0104394 0.0093859) 2650 50.4619 0 (0 0 0) (0 0 0)
5.650000e+02	5 (0 0.484535 0.187171 0.328295) (23.5 0.538948 1.48799) 211 33039 2 33039 0.341049 0 1536 1 -1 1 0.00011 0 (0.491992 -0.0821145 -0.0152376) 2650 60.341 0 (0 0 0) (0 0 0)
5.650000e+02	5 (0 0.335369 0.199083 0.465548) (23.5 0.553425 1.4405) 280 33002 1 33002 0.00364088 0 1534 1 -1 1 0.00011 0 (0.49557 -0.0602582 -0.0136849) 2650 60.0036 0 (0 0 0) (0 0 0)
5.650000e+02	5 (0 0.127662 0.43948 0.432859) (23.5 0.535327 1.46753) 280 33002 2 33002 0.0620981 0 1535 1 -1 1 0.00011 0 (0.495082 -0.0720113 -0.0168484) 2650 60.0621 0 (0 0 0) (0 0 0)
5.650000e+02	5 (0 0.187154 0.387183 0.425663) (23.5 0.644871 1.36938) 452 32997 1 32997 0.766326 0 1555 1 -1 1 0.00011 0 (0.491057 -0.0205113 0.0131821) 2650 60.7663 0 (0 0 0) (0 0 0)
5.650000e+02	5 (0 0.28162 0.0907779 0.627602) (23.5 0.637322 1.38351) 452 32997 1 32997 0.585475 0 1637 1 -1 1 0.00011 0 (0.490766 -0.0316496 0.00840897) 2650 60.5855 0 (0 0 0) (0 0 0)
5.650000e+02	5 (0 0.653233 0.338606 0.00816046) (23.5 0.96308 1.0249) 2280 33106 1 33106 0.50381 0 3602 1 -1 1 2.12e-05 0 (0.452906 0.0415594 0.243655) 2650 56.5038 0 (0 0 0) (0 0 0)
5.650000e+02	5 (0 0.0616426 0.00244877 0.935909) (23.5 0.575428 1.47176) 280 33002 1 33002 0.382317 0 2210 1 -1 1 7.5e-05 0 (0.486354 -0.0902239 -0.0098964) 2650 59.3823 0 (0 0 0) (0 0 0)
5.650000e+02	5 (0 0.0848363 0.637988 0.277176) (23.5 0.790943 1.53456) 450 33069 1 33069 0.792476 0 2751 1 -1 1 5.3e-05 0 (0.488433 -0.14065 0.00314711) 2650 58.7925 0 (0 0 0) (0 0 0)
5.650000e+02	5 (0 0.522785 0.023674 0.453541) (23.5 0.774005 1.47746) 450 33069 2 33069 0.508073 0 1611 1 -1 1 0.00011 0 (0.483744 -0.117161 0.0405189) 2650 60.5081 0 (0 0 0) (0 0 0)
5.650000e+02	5 (0 0.680655 0.0236506 0.295694) (23.5 0.78807 1.00042) 1848 33046 2 33046 0.934869 0 6587 1 -1 1 1.3e-06 0 (0.275924 0.0398663 0.126631) 2650 50.9349 0 (0 0 0) (0 0 0)
5.650000e+02	5 (0 0.273487 0.164395 0.562119) (23.5 0.840219 1.52239) 557 33070 1 33070 0.273422 0 3937 1 -1 1 2.12e-05 0 (0.496276 -0.116755 0.0268854) 2650 56.2734 0 (0 0 0) (0 0 0)
5.650000e+02	5 (0 0.248567 0.00942076 0.742012) (23.5 0.859932 1.24874) 1106 32992 1 32992 0.100758 0 1179 1 -1 1 0.00015 0 (0.47886 0.0601514 0.161236) 2650 61.1008 0 (0 0 0) (0 0 0)
5.650000e+02	5 (0 0.210523 0.35461 0.434867) (23.5 0.944255 1.09918) 1845 33057 1 33057 0.911742 0 6126 1 -1 1.00001 3.3e-06 0 (0.45677 0.0268524 0.237171) 2650 51.9117 0 (0 0 0) (0 0 0)
5.650000e+02	5 (0 0.305223 0.0396973 0.65508) (23.5 0.856094 1.2425) 1106 32992 1 32992 0.584976 0 1159 1 -1 1 0.00015 0 (0.478076 0.0636551 0.158732) 2650 61.585 0 (0 0 0) (0 0 0)
5.650000e+02	5 (0 0.171382 0.00577527 0.822843) (23.5 0.982433 1.13882) 1844 33059 2 33059 0.5053 0 6146 1 -1 1.00001 3.3e-06 0 (0.483961 0.00783123 0.213443) 2650 51.5053 0 (0 0 0) (0 0 0)
5.650000e+02	5 (0 0.0859511 0.123177 0.790872) (23.5 0.881418 1.48353) 673 33077 2 33077 0.0936278 0 3892 1 -1 1 2.12e-05 0 (0.501023 -0.0813386 0.0887919) 2650 56.0936 0 (0 0 0) (0 0 0)
5.650000e+02	5 (0 0.312944 0.0618444 0.625212) (23.5 0.895789 1.47957) 673 33077 2 33077 0.270596 0 4412 1 -1 1 1.25e-05 0 (0.501227 -0.0718177 0.0996657) 2650 55.2706 0 (0 0 0) (0 0 0)
5.650000e+02	5 (0 0.185629 0.41429 0.400081) (23.5 0.887916 1.50227) 673 33077 2 33077 0.0747381 0 4431 1 -1 1 1.25e-05 0 (0.502788 -0.0829211 0.0619815) 2650 55.0747 0 (0 0 0) (0 0 0)
5.650000e+02	5 (0 0.503174 0.0824228 0.414403) (23.5 0.980871 1.44269) 1103 33075 2 33075 0.464972 0 5694 1 -1 1 4.3e-06 0 (0.487093 -0.010412 0.155651) 2650 52.465 0 (0 0 0) (0 0 0)
5.650000e+02	5 (0 0.34255 0.513433 0.144017) (23.5 0.991086 1.29207) 1643 33064 2 33064 0.048174 0 6671 1 -1 1 1.3e-06 0 (0.376778 0.00116371 0.18438) 2650 50.0482 0 (0 0 0) (0 0 0)
5.650000e+02	5 (0 0.34145 0.491627 0.166923) (23.5 0.897851 1.50725) 673 33077 2 33077 0.806219 0 4874 1 -1 1 8.9e-06 0 (0.503561 -0.0785394 0.0574246) 2650 54.8062 0 (0 0 0) (0 0 0)
5.650000e+02	5 (0 0.0517353 0.23552 0.712745) (23.5 0.941124 1.49408) 802 33110 1 33110 0.332351 0 5275 1 -1 1 6.4e-06 0 (0.503945 -0.0463295 0.0852186) 2650 53.3324 0 (0 0 0) (0 0 0)
5.650000e+02	5 (0 0.245226 0.655433 0.0993404) (23.5 0.923799 1.41532) 803 33011 1 33011 0.25932 0 5413 1 -1 1 6.4e-06 0 (0.491978 -0.0286927 0.177448) 2650 53.2593 0 (0 0 0) (0 0 0)
5.650000e+02	5 (0 0.24681 0.572459 0.180731) (23.5 0.923703 1.42077) 803 33011 1 33011 0.389841 0 5414 1 -1 1 6.4e-06 0 (0.492891 -0.0305786 0.171347) 2650 53.3898 0 (0 0 0) (0 0 0)
5.650000e+02	5 (0 0.252584 0.558034 0.189382) (23.5 0.923339 1.42136) 803 33011 1 33011 0.433021 0 5434 1 -1 1 6.4e-06 0 (0.492978 -0.0308736 0.170493) 2650 53.433 0 (0 0 0) (0 0 0)
5.650000e+02	5 (0 0.0371976 0.609333 0.353469) (23.5 0.963187 1.45222) 1103 33075 1 33075 0.222188 0 6053 1 -1 1.00001 3.3e-06 0 (0.494853 -0.0183102 0.147928) 2650 51.2222 0 (0 0 0) (0 0 0)
5.650000e+02	5 (0 0.0601414 0.408757 0.531101) (23.5 0.963642 1.4402) 1103 33075 1 33075 0.0618614 0 6075 1 -1 1.00001 3.3e-06 0 (0.492645 -0.0154952 0.161271) 2650 51.0619 0 (0 0 0) (0 0 0)
5.650000e+02	5 (0 0.368759 0.415479 0.215762) (23.5 0.969851 1.46169) 1103 33075 1 33075 0.737822 0 6112 1 -1 1.00001 3.3e-06 0 (0.49427 -0.016593 0.136273) 2650 51.7378 0 (0 0 0) (0 0 0)
5.650000e+02	5 (0 0.751833 0.119441 0.128726) (23.5 0.956714 1.46736) 948 33076 1 33076 0.777022 0 6216 1 -1 1.00001 3.3e-06 0 (0.498572 -0.0261839 0.130472) 2650 51.777 0 (0 0 0) (0 0 0)
5.650000e+02	5 (0 0.730963 0.180099 0.0889379) (23.5 0.95828 1.45793) 948 33076 2 33076 0.505192 0 6235 1 -1 1.00001 3.3e-06 0 (0.496737 -0.0222699 0.141128) 2650 51.5052 0 (0 0 0) (0 0 0)
5.650000e+02	5 (0 0.292889 0.478784 0.228327) (23.5 0.771418 1.24615) 951 32987 2 32987 0.855445 0 1034 1 -1 1 0.00015 0 (0.482403 0.0688961 0.10658) 2650 61.8554 0 (0 0 0) (0 0 0)
5.650000e+02	5 (0 0.0363509 0.389888 0.573761) (23.5 0.689902 1.26455) 806 32986 2 32986 0.180685 0 1729 1 -1 1 0.00011 0 (0.494473 0.0484113 0.0660572) 2650 60.1807 0 (0 0 0) (0 0 0)
5.650000e+02	5 (0 0.544676 0.36754 0.0877846) (23.5 0.833974 1.22815) 1106 32992 2 32992 0.198698 0 2254 1 -1 1 7.5e-05 0 (0.476053 0.0748762 0.155962) 2650 59.1987 0 (0 0 0) (0 0 0)
5.650000e+02	5 (0 0.309937 0.396908 0.293155) (23.5 0.901136 1.45495) 803 33011 2 33011 0.581814 0 4393 1 -1 1 1.25e-05 0 (0.497822 -0.0541606 0.125299) 2650 55.5818 0 (0 0 0) (0 0 0)
5.650000e+02	5 (0 0.022826 0.407436 0.569738) (23.5 0.901841 1.40722) 949 33009 2 33009 0.0651526 0 3636 1 -1 1 2.12e-05 0 (0.490141 -0.0311484 0.172344) 2650 56.0652 0 (0 0 0) (0 0 0)
5.650000e+02	5 (0 0.432058 0.471677 0.0962642) (23.5 0.906089 1.37864) 949 33009 2 33009 0.0795029 0 4353 1 -1 1 1.25e-05 0 (0.487933 -0.0114507 0.185836) 2650 55.0795 0 (0 0 0) (0 0 0)
5.650000e+02	5 (0 0.606512 0.253239 0.140249) (23.5 0.953358 1.39876) 1104 33073 1 33073 0.171459 0 6556 1 -1 1 1.3e-06 0 (0.488597 -0.0109678 0.201565) 2650 50.1715 0 (0 0 0) (0 0 0)
5.650000e+02	5 (0 0.58486 0.329284 0.085856) (23.5 0.952843 1.40253) 1104 33073 1 33073 0.244871 0 6592 1 -1 1 1.3e-06 0 (0.488853 -0.0126169 0.199237) 2650 50.2449 0 (0 0 0) (0 0 0)
5.650000e+02	5 (0 0.777404 0.166978 0.0556184) (23.5 0.0219534 1.41213) 8 33031 1 33031 0.77185 0 3059 1 -1 1 3.26e-05 0 (0.537618 0.00726308 0.0504377) 2650 57.7718 0 (0 0 0) (0 0 0)
5.650000e+02	5 (0 0.500594 0.177216 0.32219) (23.5 0.907766 1.487) 673 33077 2 33077 0.497792 0 4913 1 -1 1 8.9e-06 0 (0.502281 -0.0669499 0.0919505) 2650 54.4978 0 (0 0 0) (0 0 0)
5.650000e+02	5 (0 0.648409 0.13606 0.215531) (23.5 0.898631 1.35417) 949 33009 1 33009 0.187 0 3674 1 -1 1 2.12e-05 0 (0.486064 -0.000184625 0.192613) 2650 56.187 0 (0 0 0) (0 0 0)
5.650000e+02	5 (0 0.534227 0.0176333 0.44814) (23.5 0.905767 1.37029) 949 33009 1 33009 0.245271 0 4892 1 -1 1 8.9e-06 0 (0.487287 -0.0064554 0.189134) 2650 54.2453 0 (0 0 0) (0 0 0)
5.650000e+02	5 (0 0.248317 0.214365 0.537318) (23.5 0.923769 1.37647) 949 33009 1 33009 0.163283 0 5374 1 -1 1 6.4e-06 0 (0.488755 -0.00976639 0.20023) 2650 53.1633 0 (0 0 0) (0 0 0)
5.650000e+02	5 (0 0.268373 0.366367 0.365259) (23.5 0.922551 1.36454) 949 33009 1 33009 0.132735 0 5394 1 -1 1 6.4e-06 0 (0.488115 -0.0053591 0.206346) 2650 53.1327 0 (0 0 0) (0 0 0)
5.650000e+02	5 (0 0.447009 0.111219 0.441772) (23.5 0.911506 1.29903) 1105 33007 1 33007 0.234476 0 5412 1 -1 1 6.4e-06 0 (0.485557 0.0249508 0.215767) 2650 53.2345 0 (0 0 0) (0 0 0)
5.650000e+02	5 (0 0.198201 0.447164 0.354636) (23.5 0.863268 1.22105) 1106 32992 1 32992 0.102793 0 3351 1 -1 1 3.26e-05 0 (0.475591 0.0685538 0.173854) 2650 57.1028 0 (0 0 0) (0 0 0)
5.650000e+02	5 (0 0.00503814 0.457817 0.537145) (23.5 0.905576 1.26686) 1273 32993 2 32993 0.0351126 0 3694 1 -1 1 2.12e-05 0 (0.486267 0.0364046 0.217178) 2650 56.0351 0 (0 0 0) (0 0 0)
5.650000e+02	5 (0 0.289233 0.474128 0.236639) (23.5 0.906482 1.31839) 1105 33007 2 33007 0.481254 0 4394 1 -1 1 1.25e-05 0 (0.485171 0.0165546 0.209038) 2650 55.4813 0 (0 0 0) (0 0 0)
5.650000e+02	5 (0 0.253014 0.31233 0.434656) (23.5 0.955206 1.4256) 948 33076 2 33076 0.123954 0 6035 1 -1 1.00001 3.3e-06 0 (0.491685 -0.0170938 0.176851) 2650 51.124 0 (0 0 0) (0 0 0)
5.650000e+02	5 (0 0.365967 0.0850446 0.548989) (23.5 0.899167 1.48107) 673 33077 2 33077 0.950221 0 4914 1 -1 1 8.9e-06 0 (0.501477 -0.0702693 0.0984694) 2650 54.9502 0 (0 0 0) (0 0 0)
5.650000e+02	5 (0 0.104118 0.674653 0.221229) (23.5 0.869597 1.21155) 1106 32992 1 32992 0.56054 0 3872 1 -1 1 2.12e-05 0 (0.474345 0.0700347 0.175813) 2650 56.5605 0 (0 0 0) (0 0 0)
5.650000e+02	5 (0 0.104342 0.57544 0.320218) (23.5 0.651624 1.21824) 677 32983 1 32983 0.235578 0 3948 1 -1 1 2.12e-05 0 (0.505452 0.0588734 0.0910735) 2650 56.2356 0 (0 0 0) (0 0 0)
5.650000e+02	5 (0 0.655553 0.174794 0.169653) (23.5 0.686315 1.20743) 806 32986 1 32986 0.062119 0 4329 1 -1 1 1.25e-05 0 (0.500038 0.069605 0.109571) 2650 55.0621 0 (0 0 0) (0 0 0)
5.650000e+02	5 (0 0.669193 0.0609011 0.269906) (23.5 0.664579 1.219) 806 32986 2 32986 0.230367 0 4349 1 -1 1 1.25e-05 0 (0.503193 0.060723 0.0941833) 2650 55.2304 0 (0 0 0) (0 0 0)
5.650000e+02	5 (0 0.367613 0.450139 0.182248) (23.5 0.782463 1.20847) 951 32987 1 32987 0.40325 0 4851 1 -1 1 8.9e-06 0 (0.479854 0.0859292 0.139919) 2650 54.4032 0 (0 0 0) (0 0 0)
5.650000e+02	5 (0 0.611898 0.289887 0.0982146) (23.5 0.689652 1.20229) 806 32986 1 32986 0.148505 0 4451 1 -1 1 1.25e-05 0 (0.49972 0.0725501 0.113949) 2650 55.1485 0 (0 0 0) (0 0 0)
5.650000e+02	5 (0 0.579044 0.369692 0.0512644) (23.5 0.609871 1.29763) 560 32995 2 32995 0.314961 0 3332 1 -1 1 3.26e-05 0 (0.505355 0.0196719 0.0399964) 2650 57.315 0 (0 0 0) (0 0 0)
5.650000e+02	5 (0 0.0850302 0.696582 0.218388) (23.5 0.635882 1.26102) 677 32983 2 32983 0.550568 0 3809 1 -1 1 2.12e-05 0 (0.504441 0.0410296 0.0615396) 2650 56.5506 0 (0 0 0) (0 0 0)
5.650000e+02	5 (0 0.471058 0.103582 0.42536) (23.5 0.667877 1.23326) 806 32986 2 32986 0.936778 0 3352 1 -1 1 3.26e-05 0 (0.501309 0.0560075 0.0856957) 2650 57.9368 0 (0 0 0) (0 0 0)
5.650000e+02	5 (0 0.757096 0.203526 0.0393775) (23.5 0.751373 1.21275) 951 32987 2 32987 0.747565 0 3615 1 -1 1 2.12e-05 0 (0.487522 0.0802662 0.132054) 2650 56.7476 0 (0 0 0) (0 0 0)
5.650000e+02	5 (0 0.151977 0.150184 0.697839) (23.5 0.671349 1.18477) 952 32984 2 32984 0.0512869 0 4448 1 -1 1 1.25e-05 0 (0.504631 0.0741573 0.119152) 2650 55.0513 0 (0 0 0) (0 0 0)
5.650000e+02	5 (0 0.160003 0.401581 0.438416) (23.5 0.69063 1.18424) 952 32984 2 32984 0.119094 0 4951 1 -1 1 8.9e-06 0 (0.500792 0.0787079 0.126722) 2650 54.1191 0 (0 0 0) (0 0 0)
5.650000e+02	5 (0 0.438276 0.218341 0.343382) (23.5 0.912024 1.22028) 1273 32993 1 32993 0.96636 0 5914 1 -1 1 4.3e-06 0 (0.483108 0.0477672 0.22032) 2650 52.9664 0 (0 0 0) (0 0 0)
5.650000e+02	5 (0 0.915773 0.0182793 0.0659477) (23.5 0.814784 1.20019) 1106 32992 1 32992 0.402237 0 5874 1 -1 1 4.3e-06 0 (0.473167 0.0915431 0.151309) 2650 52.4022 0 (0 0 0) (0 0 0)
5.650000e+02	5 (0 0.489085 0.39386 0.117055) (23.5 0.611822 1.23195) 677 32983 2 32983 0.708527 0 3950 1 -1 1 2.12e-05 0 (0.510832 0.0478197 0.0751601) 2650 56.7085 0 (0 0 0) (0 0 0)
5.650000e+02	5 (0 0.398795 0.306505 0.2947) (23.5 0.628257 1.2164) 677 32983 1 32983 0.506026 0 4389 1 -1 1 1.25e-05 0 (0.509408 0.0558826 0.0881173) 2650 55.506 0 (0 0 0) (0 0 0)
5.650000e+02	5 (0 0.483543 0.193176 0.323281) (23.5 0.621536 1.21845) 677 32983 1 32983 0.646282 0 4409 1 -1 1 1.25e-05 0 (0.510313 0.0540603 0.0855722) 2650 55.6463 0 (0 0 0) (0 0 0)
5.650000e+02	5 (0 0.786378 0.111536 0.102086) (23.5 0.676269 1.20256) 806 32986 1 32986 0.733771 0 4931 1 -1 1 8.9e-06 0 (0.502392 0.0693762 0.108921) 2650 54.7338 0 (0 0 0) (0 0 0)
5.650000e+02	5 (0 0.874714 0.108061 0.017225) (23.5 0.668176 1.20422) 806 32986 2 32986 0.752576 0 4870 1 -1 1 8.9e-06 0 (0.503878 0.0668821 0.104899) 2650 54.7526 0 (0 0 0) (0 0 0)
5.650000e+02	5 (0 0.310376 0.471025 0.218599) (23.5 0.635264 1.21092) 677 32983 1 32983 0.471369 0 4429 1 -1 1 1.25e-05 0 (0.508766 0.0590245 0.0928592) 2650 55.4714 0 (0 0 0) (0 0 0)
5.650000e+02	5 (0 0.0240324 0.936488 0.0394796) (23.5 0.657965 1.19804) 677 32983 1 32983 0.472983 0 4890 1 -1 1 8.9e-06 0 (0.506245 0.0673918 0.105247) 2650 54.473 0 (0 0 0) (0 0 0)
5.650000e+02	5 (0 0.138634 0.148143 0.713223) (23.5 0.725844 1.17557) 952 32984 1 32984 0.697256 0 1574 1 -1 1 0.00011 0 (0.494424 0.0872267 0.136599) 2650 60.6973 0 (0 0 0) (0 0 0)
5.650000e+02	5 (0 0.163532 0.175999 0.660469) (23.5 0.673327 1.18398) 952 32984 2 32984 0.463528 0 4449 1 -1 1 1.25e-05 0 (0.50429 0.0748204 0.120458) 2650 55.4635 0 (0 0 0) (0 0 0)
5.650000e+02	5 (0 0.267862 0.232639 0.499499) (23.5 0.677646 1.17682) 952 32984 2 32984 0.0674707 0 4950 1 -1 1 8.9e-06 0 (0.503932 0.077721 0.127341) 2650 54.0675 0 (0 0 0) (0 0 0)
5.650000e+02	5 (0 0.196235 0.614442 0.189323) (23.5 0.706948 1.18177) 952 32984 2 32984 0.192022 0 5456 1 -1 1 6.4e-06 0 (0.497687 0.083099 0.134579) 2650 53.192 0 (0 0 0) (0 0 0)
5.650000e+02	5 (0 0.236603 0.703284 0.0601135) (23.5 0.791941 1.19972) 951 32987 1 32987 0.83831 0 5894 1 -1 1 4.3e-06 0 (0.477081 0.09105 0.144061) 2650 52.8383 0 (0 0 0) (0 0 0)
5.650000e+02	5 (0 0.0042438 0.539576 0.45618) (23.5 0.775697 1.19508) 1107 32985 2 32985 0.973575 0 5452 1 -1 1 6.4e-06 0 (0.480978 0.0910512 0.142641) 2650 53.9736 0 (0 0 0) (0 0 0)
5.650000e+02	5 (0 0.280205 0.671767 0.048028) (23.5 0.711325 1.17601) 952 32984 2 32984 0.312006 0 5389 1 -1 1 6.4e-06 0 (0.497218 0.0856385 0.140394) 2650 53.312 0 (0 0 0) (0 0 0)
5.650000e+02	5 (0 0.158236 0.221766 0.619998) (23.5 0.724308 1.16916) 952 32984 1 32984 0.255918 0 5467 1 -1 1 6.4e-06 0 (0.495144 0.0876883 0.149806) 2650 53.2559 0 (0 0 0) (0 0 0)
5.650000e+02	5 (0 0.452594 0.181649 0.365757) (23.5 0.514601 1.37787) 360 32996 2 32996 0.619675 0 3333 1 -1 1 3.26e-05 0 (0.512522 -0.0176828 0.00265666) 2650 57.6197 0 (0 0 0) (0 0 0)
5.650000e+02	5 (0 0.230972 0.232694 0.536334) (23.5 0.677659 1.17936) 952 32984 2 32984 0.644659 0 3923 1 -1 1 2.12e-05 0 (0.50375 0.0770459 0.125171) 2650 56.6447 0 (0 0 0) (0 0 0)
5.650000e+02	5 (0 0.11172 0.167636 0.720644) (23.5 0.65095 1.17601) 807 32981 1 32981 0.0239057 0 4471 1 -1 1 1.25e-05 0 (0.508634 0.072424 0.119435) 2650 55.0239 0 (0 0 0) (0 0 0)
5.650000e+02	5 (0 0.305638 0.313128 0.381233) (23.5 0.68381 1.17423) 952 32984 2 32984 0.389892 0 5409 1 -1 1 6.4e-06 0 (0.502876 0.0798223 0.131536) 2650 53.3899 0 (0 0 0) (0 0 0)
5.650000e+02	5 (0 0.29781 0.448998 0.253191) (23.5 0.694234 1.17478) 952 32984 2 32984 0.485448 0 5450 1 -1 1 6.4e-06 0 (0.500742 0.0820588 0.134982) 2650 53.4854 0 (0 0 0) (0 0 0)
5.650000e+02	5 (0 0.259919 0.0762213 0.66386) (23.5 0.741996 1.17743) 1107 32985 2 32985 0.933125 0 5929 1 -1 1 4.3e-06 0 (0.490732 0.088464 0.149186) 2650 52.9331 0 (0 0 0) (0 0 0)
5.650000e+02	5 (0 0.331244 0.454069 0.214687) (23.5 0.694615 1.17249) 952 32984 2 32984 0.331321 0 4971 1 -1 1 8.9e-06 0 (0.500829 0.0827587 0.136763) 2650 54.3313 0 (0 0 0) (0 0 0)
5.650000e+02	5 (0 0.346445 0.101134 0.552421) (23.5 0.66754 1.17142) 952 32984 2 32984 0.391962 0 5909 1 -1 1 4.3e-06 0 (0.506349 0.0768557 0.127608) 2650 52.392 0 (0 0 0) (0 0 0)
5.650000e+02	5 (0 0.37963 0.0160774 0.604292) (23.5 0.737588 1.1692) 1107 32985 2 32985 0.509754 0 6913 1 -1 1 1.3e-06 0 (0.492447 0.0886359 0.154224) 2650 50.5098 0 (0 0 0) (0 0 0)
5.650000e+02	5 (0 0.367598 0.501069 0.131333) (23.5 0.62024 1.16994) 807 32981 2 32981 0.184121 0 6933 1 -1 1 1.3e-06 0 (0.513181 0.0691089 0.11781) 2650 50.1841 0 (0 0 0) (0 0 0)
5.650000e+02	5 (0 0.078052 0.85615 0.0657978) (23.5 0.119822 1.06055) 286 33083 1 33083 0.00584471 0 2563 1 -1 1 5.3e-05 0 (0.498252 -0.0342937 0.161692) 2650 58.0058 0 (0 0 0) (0 0 0)
5.650000e+02	5 (0 0.123073 0.136902 0.740025) (23.5 0.650055 1.17734) 807 32981 1 32981 0.992032 0 4927 1 -1 1 8.9e-06 0 (0.508645 0.0719223 0.118347) 2650 54.992 0 (0 0 0) (0 0 0)
5.650000e+02	5 (0 0.23601 0.382071 0.381919) (23.5 0.480996 1.22265) 454 32957 1 32957 0.373972 0 1730 1 -1 1 0.00011 0 (0.531601 0.0312771 0.0610504) 2650 60.374 0 (0 0 0) (0 0 0)
5.650000e+02	5 (0 0.112556 0.639465 0.247979) (23.5 0.410505 1.28509) 282 32968 1 32968 0.104195 0 1750 1 -1 1 0.00011 0 (0.539206 0.0123463 0.0317342) 2650 60.1042 0 (0 0 0) (0 0 0)
5.650000e+02	5 (0 0.319341 0.079538 0.601121) (23.5 0.39411 1.31067) 282 32968 1 32968 0.314525 0 2335 1 -1 1 7.5e-05 0 (0.539933 0.0067486 0.0269369) 2650 59.3145 0 (0 0 0) (0 0 0)
5.650000e+02	5 (0 0.454605 0.31233 0.233065) (23.5 0.365043 1.37776) 213 32970 2 32970 0.245255 0 2949 1 -1 1 5.3e-05 0 (0.540752 -0.00254836 0.0131627) 2650 58.2453 0 (0 0 0) (0 0 0)
5.650000e+02	5 (0 0.609923 0.15958 0.230497) (23.5 0.371138 1.35571) 213 32970 1 32970 0.25155 0 2947 1 -1 1 5.3e-05 0 (0.541029 0.000636736 0.0176315) 2650 58.2515 0 (0 0 0) (0 0 0)
5.650000e+02	5 (0 0.113755 0.466399 0.419846) (23.5 0.410608 1.43747) 157 32974 1 32974 0.316985 0 3884 1 -1 1 2.12e-05 0 (0.528163 -0.0217648 -0.000245342) 2650 56.317 0 (0 0 0) (0 0 0)
5.650000e+02	5 (0 0.453323 0.225269 0.321408) (23.5 0.383452 1.29042) 282 32968 1 32968 0.497797 0 4326 1 -1 1 1.25e-05 0 (0.542489 0.010774 0.0394654) 2650 55.4978 0 (0 0 0) (0 0 0)
5.650000e+02	5 (0 0.262625 0.0562784 0.681096) (23.5 0.584958 1.17714) 807 32981 2 32981 0.932238 0 6471 1 -1 1.00001 3.3e-06 0 (0.518747 0.0616885 0.106137) 2650 51.9322 0 (0 0 0) (0 0 0)
5.650000e+02	5 (0 0.171304 0.750258 0.0784378) (23.5 0.251519 1.41475) 78 32972 1 32972 0.0118893 0 2807 1 -1 1 5.3e-05 0 (0.555374 0.0102781 0.0197353) 2650 58.0119 0 (0 0 0) (0 0 0)
5.650000e+02	5 (0 0.075028 0.135272 0.7897) (23.5 0.413484 1.25199) 362 32956 1 32956 0.389324 0 6928 1 -1 1 1.3e-06 0 (0.540063 0.0186916 0.0551926) 2650 50.3893 0 (0 0 0) (0 0 0)
5.650000e+02	5 (0 0.53577 0.454508 0.00972141) (23.5 0.299087 1.34028) 158 32967 1 32967 0.168796 0 3285 1 -1 1 3.26e-05 0 (0.552278 0.0117553 0.030312) 2650 57.1688 0 (0 0 0) (0 0 0)
