# Time         currentProc " (coordinates0 coordinates1 coordinates2 coordinates3) (position0 position1 position2) celli tetFacei tetPti facei stepFraction origProc origId active typeId nParticle d dTarget (U0 U1 U2) rho age tTurb (UTurb0 UTurb1 UTurb2) (UCorrect0 UCorrect1 UCorrect2)"
5.810000e+02	1 (0 0.277192 0.548446 0.174362) (23.5 0.968144 1.32731) 199 22779 1 22779 0.191215 5 4956 1 -1 1 7.5e-05 0 (0.392228 -0.0021262 0.0465791) 2650 75.1912 0 (0 0 0) (0 0 0)
5.810000e+02	1 (0 0.0332248 0.20289 0.763885) (23.5 0.945596 1.03686) 181 22881 1 22881 0.0309577 5 4630 1 -1 1 7.5e-05 0 (0.356101 0.011532 0.0212751) 2650 75.031 0 (0 0 0) (0 0 0)
5.810000e+02	1 (0 0.00486854 0.979965 0.0151661) (23.5 0.962763 1.26609) 196 22782 1 22782 0.149877 5 4922 1 -1 1 7.5e-05 0 (0.401669 0.0020381 0.0502044) 2650 75.1499 0 (0 0 0) (0 0 0)
5.810000e+02	1 (0 0.0911033 0.831388 0.0775085) (23.5 0.882276 1.01378) 179 22845 2 22845 0.636915 5 4285 1 -1 1 7.5e-05 0 (0.31567 0.02036 0.0168776) 2650 75.6369 0 (0 0 0) (0 0 0)
5.810000e+02	1 (0 0.368182 0.49542 0.136398) (23.5 0.907832 1.31285) 409 22770 2 22770 0.0110492 5 9910 1 -1 1 8.9e-06 0 (0.416972 -0.001894 0.0486149) 2650 70.011 0 (0 0 0) (0 0 0)
5.810000e+02	1 (0 0.260266 0.213056 0.526679) (23.5 0.923014 1.37593) 386 22772 1 22772 0.667026 5 12121 1 -1 1 4.3e-06 0 (0.409566 -0.00961252 0.0436036) 2650 68.667 0 (0 0 0) (0 0 0)
5.810000e+02	1 (0 0.226775 0.651122 0.122103) (23.5 0.924966 1.41703) 385 22774 1 22774 0.907395 5 10197 1 -1 1 8.9e-06 0 (0.403456 -0.0142828 0.0372744) 2650 70.9074 0 (0 0 0) (0 0 0)
5.810000e+02	1 (0 0.341268 0.600521 0.0582106) (23.5 0.289748 1.0516) 153 22811 2 22811 0.254025 5 11422 1 -1 1 4.3e-06 0 (0.409004 0.031392 0.0146326) 2650 68.254 0 (0 0 0) (0 0 0)
5.810000e+02	1 (0 0.0136532 0.735693 0.250654) (23.5 0.19037 1.14361) 423 22706 1 22706 0.139007 5 9384 1 -1 1 8.9e-06 0 (0.417493 0.0133992 0.00420307) 2650 70.139 0 (0 0 0) (0 0 0)
5.810000e+02	1 (0 0.493388 0.168119 0.338493) (23.5 0.619963 1.0413) 165 22823 2 22823 0.219914 5 11579 1 -1 1 4.3e-06 0 (0.410803 0.0533962 0.02229) 2650 68.2199 0 (0 0 0) (0 0 0)
5.810000e+02	1 (0 0.580524 0.318968 0.100508) (23.5 0.896496 1.36854) 386 22772 2 22772 0.432942 5 12247 1 -1 1 4.3e-06 0 (0.414808 -0.0102193 0.0422166) 2650 68.4329 0 (0 0 0) (0 0 0)
5.810000e+02	1 (0 0.000556768 0.984176 0.0152676) (23.5 0.876471 1.34048) 387 22771 1 22771 0.0628062 5 12248 1 -1 1 4.3e-06 0 (0.421174 -0.00737433 0.04392) 2650 68.0628 0 (0 0 0) (0 0 0)
5.810000e+02	1 (0 0.0970819 0.278023 0.624895) (23.5 0.893691 1.40229) 386 22772 2 22772 0.515959 5 9730 1 -1 1 8.9e-06 0 (0.412999 -0.0165973 0.038635) 2650 70.516 0 (0 0 0) (0 0 0)
5.810000e+02	1 (0 0.159188 0.186514 0.654298) (23.5 0.252312 1.10364) 443 22707 1 22707 0.245685 5 11404 1 -1 1 4.3e-06 0 (0.41691 0.0205112 0.00932634) 2650 68.2457 0 (0 0 0) (0 0 0)
5.810000e+02	1 (0 0.0674624 0.76836 0.164177) (23.5 0.247057 1.12175) 443 22707 2 22707 0.132421 5 11374 1 -1 1 4.3e-06 0 (0.419245 0.0180533 0.00777177) 2650 68.1324 0 (0 0 0) (0 0 0)
5.810000e+02	1 (0 0.27379 0.674018 0.0521915) (23.5 0.858009 1.34312) 387 22771 1 22771 0.261833 5 11907 1 -1 1 4.3e-06 0 (0.4223 -0.00863718 0.0409025) 2650 68.2618 0 (0 0 0) (0 0 0)
5.810000e+02	1 (0 0.22251 0.583873 0.193616) (23.5 0.482111 1.07362) 440 22712 1 22712 0.202714 5 11559 1 -1 1 4.3e-06 0 (0.422691 0.0377391 0.0166694) 2650 68.2027 0 (0 0 0) (0 0 0)
5.810000e+02	1 (0 0.247349 0.595512 0.157139) (23.5 0.467479 1.10993) 440 22712 2 22712 0.220613 5 9301 1 -1 1 8.9e-06 0 (0.427134 0.0294973 0.0141457) 2650 70.2206 0 (0 0 0) (0 0 0)
5.810000e+02	1 (0 0.43307 0.473132 0.0937978) (23.5 0.46518 1.13247) 427 22714 1 22714 0.282228 5 11343 1 -1 1 4.3e-06 0 (0.429433 0.0252278 0.0127076) 2650 68.2822 0 (0 0 0) (0 0 0)
5.810000e+02	1 (0 0.00475284 0.54859 0.446657) (23.5 0.463631 1.26683) 416 22728 2 22728 0.123831 5 9701 1 -1 1 8.9e-06 0 (0.432063 0.00128742 0.00572571) 2650 70.1238 0 (0 0 0) (0 0 0)
5.810000e+02	1 (0 0.241586 0.608444 0.14997) (23.5 0.468466 1.24974) 416 22728 2 22728 0.0868757 5 11429 1 -1 1 4.3e-06 0 (0.432072 0.00429836 0.00691046) 2650 68.0869 0 (0 0 0) (0 0 0)
5.810000e+02	1 (0 0.0868834 0.611993 0.301123) (23.5 0.492999 1.28902) 403 22730 1 22730 0.1878 5 11491 1 -1 1 4.3e-06 0 (0.431886 -0.00374797 0.00657288) 2650 68.1878 0 (0 0 0) (0 0 0)
5.810000e+02	1 (0 0.0871279 0.565061 0.347811) (23.5 0.912161 1.33311) 409 22770 2 22770 0.764733 5 11992 1 -1 1 4.3e-06 0 (0.416317 -0.00488865 0.0480892) 2650 68.7647 0 (0 0 0) (0 0 0)
5.810000e+02	1 (0 0.193585 0.458823 0.347592) (23.5 0.47203 1.03332) 160 22816 1 22816 0.777014 5 9277 1 -1 1 8.9e-06 0 (0.402527 0.0489005 0.0193327) 2650 70.777 0 (0 0 0) (0 0 0)
5.810000e+02	1 (0 0.0882145 0.132278 0.779507) (23.5 0.884471 1.40297) 386 22772 2 22772 0.764263 5 9795 1 -1 1 8.9e-06 0 (0.414957 -0.0177349 0.0380611) 2650 70.7643 0 (0 0 0) (0 0 0)
5.810000e+02	1 (0 0.0275763 0.718523 0.253901) (23.5 0.189428 1.14384) 423 22706 1 22706 0.917628 5 9510 1 -1 1 8.9e-06 0 (0.417415 0.0133361 0.00413479) 2650 70.9176 0 (0 0 0) (0 0 0)
5.810000e+02	1 (0 0.562009 0.204339 0.233652) (23.5 0.223047 1.14234) 424 22709 1 22709 0.798967 5 9606 1 -1 1 8.9e-06 0 (0.419337 0.0146262 0.00537585) 2650 70.799 0 (0 0 0) (0 0 0)
5.810000e+02	1 (0 0.397947 0.562244 0.0398084) (23.5 0.235009 1.12893) 424 22709 1 22709 0.858787 5 11464 1 -1 1 4.3e-06 0 (0.419374 0.0167696 0.00683915) 2650 68.8588 0 (0 0 0) (0 0 0)
5.810000e+02	1 (0 0.391128 0.315819 0.293053) (23.5 0.388525 1.08008) 441 22711 1 22711 0.862461 5 11286 1 -1 1 4.3e-06 0 (0.420521 0.0313664 0.0141254) 2650 68.8625 0 (0 0 0) (0 0 0)
5.810000e+02	1 (0 0.0775255 0.143087 0.779388) (23.5 0.334443 1.11169) 442 22708 1 22708 0.86493 5 11287 1 -1 1 4.3e-06 0 (0.422442 0.0233586 0.0106478) 2650 68.8649 0 (0 0 0) (0 0 0)
5.810000e+02	1 (0 0.22642 0.585339 0.188241) (23.5 0.401515 1.20859) 417 22727 1 22727 0.643409 5 9669 1 -1 1 8.9e-06 0 (0.43022 0.0108067 0.00584676) 2650 70.6434 0 (0 0 0) (0 0 0)
5.810000e+02	1 (0 0.0335094 0.715007 0.251484) (23.5 0.477086 1.12382) 440 22712 2 22712 0.45881 5 9477 1 -1 1 8.9e-06 0 (0.429239 0.0272492 0.0135101) 2650 70.4588 0 (0 0 0) (0 0 0)
5.810000e+02	1 (0 0.930545 0.0155412 0.0539134) (23.5 0.425181 1.12972) 427 22714 1 22714 0.906116 5 11317 1 -1 1 4.3e-06 0 (0.428184 0.0242635 0.0115797) 2650 68.9061 0 (0 0 0) (0 0 0)
5.810000e+02	1 (0 0.287447 0.660657 0.0518968) (23.5 0.47684 1.27094) 403 22730 1 22730 0.963847 5 9861 1 -1 1 8.9e-06 0 (0.432198 0.000412359 0.00627227) 2650 70.9638 0 (0 0 0) (0 0 0)
5.810000e+02	1 (0 0.948178 0.011632 0.0401898) (23.5 0.500935 1.27093) 404 22753 2 22753 0.531063 5 11398 1 -1 1 4.3e-06 0 (0.43267 0.000537289 0.00759394) 2650 68.5311 0 (0 0 0) (0 0 0)
5.810000e+02	1 (0 0.0534349 0.622514 0.324051) (23.5 0.469589 1.26332) 416 22728 2 22728 0.952263 5 11588 1 -1 1 4.3e-06 0 (0.432165 0.00193198 0.00627125) 2650 68.9523 0 (0 0 0) (0 0 0)
5.810000e+02	1 (0 0.360877 0.0575225 0.581601) (23.5 0.470945 1.23697) 416 22728 1 22728 0.789671 5 11461 1 -1 1 4.3e-06 0 (0.432079 0.00660371 0.00765154) 2650 68.7897 0 (0 0 0) (0 0 0)
5.820000e+02	1 (0 0.760547 0.210371 0.0290826) (23.5 0.957599 1.1113) 191 22850 2 22850 0.0370366 5 4791 1 -1 1 7.5e-05 0 (0.389588 0.0110796 0.0360193) 2650 76.037 0 (0 0 0) (0 0 0)
5.820000e+02	1 (0 0.0956557 0.341382 0.562963) (23.5 0.941659 1.36969) 203 22786 1 22786 0.217962 5 10039 1 -1 1 8.9e-06 0 (0.406038 -0.00793282 0.0453771) 2650 71.218 0 (0 0 0) (0 0 0)
5.820000e+02	1 (0 0.505683 0.226728 0.26759) (23.5 0.95106 1.39016) 203 22786 1 22786 0.871684 5 10103 1 -1 1 8.9e-06 0 (0.395312 -0.00818602 0.0415575) 2650 71.8717 0 (0 0 0) (0 0 0)
5.820000e+02	1 (0 0.398022 0.478224 0.123754) (23.5 0.948532 1.40015) 203 22786 1 22786 0.648356 5 10134 1 -1 1 8.9e-06 0 (0.395835 -0.00984442 0.0403508) 2650 71.6484 0 (0 0 0) (0 0 0)
5.820000e+02	1 (0 0.0606349 0.554296 0.385069) (23.5 0.935639 1.36609) 386 22772 1 22772 0.870503 5 12089 1 -1 1 4.3e-06 0 (0.408936 -0.00815416 0.045718) 2650 69.8705 0 (0 0 0) (0 0 0)
5.820000e+02	1 (0 0.193403 0.195152 0.611445) (23.5 0.927208 1.38181) 386 22772 1 22772 0.150532 5 12184 1 -1 1 4.3e-06 0 (0.407846 -0.0102432 0.0425066) 2650 69.1505 0 (0 0 0) (0 0 0)
5.820000e+02	1 (0 0.211099 0.541804 0.247097) (23.5 0.926189 1.35652) 386 22772 1 22772 0.131671 5 12057 1 -1 1 4.3e-06 0 (0.411787 -0.00744786 0.0460162) 2650 69.1317 0 (0 0 0) (0 0 0)
5.820000e+02	1 (0 0.137131 0.754477 0.108392) (23.5 0.923835 1.3993) 386 22772 2 22772 0.0754663 5 12216 1 -1 1 4.3e-06 0 (0.406243 -0.0128289 0.0399676) 2650 69.0755 0 (0 0 0) (0 0 0)
5.820000e+02	1 (0 0.39629 0.22922 0.37449) (23.5 0.891099 1.23888) 410 22768 2 22768 0.357726 5 9781 1 -1 1 8.9e-06 0 (0.419599 0.00715964 0.0479364) 2650 71.3577 0 (0 0 0) (0 0 0)
5.820000e+02	1 (0 0.66337 0.0614037 0.275227) (23.5 0.880485 1.21973) 410 22768 2 22768 0.329566 5 9590 1 -1 1 8.9e-06 0 (0.421341 0.0098576 0.0468261) 2650 71.3296 0 (0 0 0) (0 0 0)
5.820000e+02	1 (0 0.209937 0.769252 0.0208107) (23.5 0.436423 1.03255) 160 22816 2 22816 0.62726 5 11516 1 -1 1 4.3e-06 0 (0.401891 0.0412344 0.0187754) 2650 69.6273 0 (0 0 0) (0 0 0)
5.820000e+02	1 (0 0.1427 0.0135335 0.843766) (23.5 0.192355 1.11703) 443 22707 2 22707 0.108888 5 9542 1 -1 1 8.9e-06 0 (0.415346 0.0129001 0.00872841) 2650 71.1089 0 (0 0 0) (0 0 0)
5.820000e+02	1 (0 0.338516 0.389142 0.272342) (23.5 0.784109 1.07891) 436 22744 1 22744 0.241346 5 9404 1 -1 1 8.9e-06 0 (0.419022 0.0377378 0.0315664) 2650 71.2413 0 (0 0 0) (0 0 0)
5.820000e+02	1 (0 0.590377 0.156192 0.253431) (23.5 0.716794 1.04707) 170 22826 1 22826 0.504024 5 9308 1 -1 1 8.9e-06 0 (0.411414 0.0475629 0.0252757) 2650 71.504 0 (0 0 0) (0 0 0)
5.820000e+02	1 (0 0.0804933 0.0342362 0.885271) (23.5 0.19387 1.12107) 443 22707 2 22707 0.23877 5 9574 1 -1 1 8.9e-06 0 (0.416044 0.012588 0.0084785) 2650 71.2388 0 (0 0 0) (0 0 0)
5.820000e+02	1 (0 0.0426624 0.907428 0.0499095) (23.5 0.267034 1.03544) 154 22810 2 22810 0.342148 5 4181 1 -1 1 7.5e-05 0 (0.399357 0.0278278 0.0122267) 2650 76.3421 0 (0 0 0) (0 0 0)
5.820000e+02	1 (0 0.334989 0.412664 0.252348) (23.5 0.245571 1.05318) 152 22802 1 22802 0.230038 5 4200 1 -1 1 7.5e-05 0 (0.407645 0.0228327 0.00982754) 2650 76.23 0 (0 0 0) (0 0 0)
5.820000e+02	1 (0 0.751587 0.193863 0.0545497) (23.5 0.891778 1.41273) 385 22774 1 22774 0.414014 5 9955 1 -1 1 8.9e-06 0 (0.411588 -0.0180813 0.0358856) 2650 71.414 0 (0 0 0) (0 0 0)
5.820000e+02	1 (0 0.499524 0.0438969 0.456579) (23.5 0.879067 1.37431) 386 22772 2 22772 0.222772 5 11971 1 -1 1 4.3e-06 0 (0.418344 -0.0133498 0.0395949) 2650 69.2228 0 (0 0 0) (0 0 0)
5.820000e+02	1 (0 0.597641 0.0708895 0.331469) (23.5 0.880817 1.36745) 386 22772 2 22772 0.291326 5 12035 1 -1 1 4.3e-06 0 (0.418518 -0.0119431 0.0403704) 2650 69.2913 0 (0 0 0) (0 0 0)
5.820000e+02	1 (0 0.0895946 0.691207 0.219199) (23.5 0.412483 1.07527) 441 22711 1 22711 0.196648 5 11285 1 -1 1 4.3e-06 0 (0.421759 0.0287446 0.0146913) 2650 69.1966 0 (0 0 0) (0 0 0)
5.820000e+02	1 (0 0.325039 0.41519 0.259771) (23.5 0.393687 1.21376) 417 22727 1 22727 0.336953 5 11460 1 -1 1 4.3e-06 0 (0.429535 0.00788904 0.00491087) 2650 69.337 0 (0 0 0) (0 0 0)
5.820000e+02	1 (0 0.177512 0.614165 0.208323) (23.5 0.388922 1.18276) 426 22713 2 22713 0.259636 5 4392 1 -1 1 7.5e-05 0 (0.428867 0.0120053 0.00211523) 2650 76.2596 0 (0 0 0) (0 0 0)
5.820000e+02	1 (0 0.248685 0.264536 0.486779) (23.5 0.479978 1.23013) 416 22728 1 22728 0.0784118 5 9637 1 -1 1 8.9e-06 0 (0.432287 0.00654726 0.00690381) 2650 71.0784 0 (0 0 0) (0 0 0)
5.820000e+02	1 (0 0.139922 0.706596 0.153482) (23.5 0.488726 1.27831) 403 22730 1 22730 0.158952 5 11652 1 -1 1 4.3e-06 0 (0.432075 -0.00165503 0.00507732) 2650 69.159 0 (0 0 0) (0 0 0)
5.820000e+02	1 (0 0.918447 0.0643317 0.0172216) (23.5 0.505178 1.27309) 404 22753 2 22753 0.0798684 5 11397 1 -1 1 4.3e-06 0 (0.432603 -0.00053363 0.00607284) 2650 69.0799 0 (0 0 0) (0 0 0)
5.820000e+02	1 (0 0.0797594 0.406963 0.513278) (23.5 0.802899 1.09463) 436 22744 1 22744 0.572773 5 11576 1 -1 1 4.3e-06 0 (0.420544 0.0338948 0.03371) 2650 69.5728 0 (0 0 0) (0 0 0)
5.820000e+02	1 (0 0.37595 0.229697 0.394353) (23.5 0.89076 1.38285) 386 22772 2 22772 0.664873 5 12003 1 -1 1 4.3e-06 0 (0.415016 -0.0135708 0.0394962) 2650 69.6649 0 (0 0 0) (0 0 0)
5.820000e+02	1 (0 0.357918 0.179574 0.462508) (23.5 0.887582 1.38413) 386 22772 2 22772 0.962822 5 12164 1 -1 1 4.3e-06 0 (0.415623 -0.014148 0.0391732) 2650 69.9628 0 (0 0 0) (0 0 0)
5.820000e+02	1 (0 0.226804 0.455477 0.317719) (23.5 0.224351 1.11145) 443 22707 2 22707 0.674774 5 11527 1 -1 1 4.3e-06 0 (0.416416 0.0144831 0.00964302) 2650 69.6748 0 (0 0 0) (0 0 0)
5.820000e+02	1 (0 0.210255 0.183156 0.606588) (23.5 0.821014 1.11271) 435 22747 2 22747 0.985281 5 11575 1 -1 1 4.3e-06 0 (0.421774 0.0294409 0.03629) 2650 69.9853 0 (0 0 0) (0 0 0)
5.820000e+02	1 (0 0.135285 0.159282 0.705433) (23.5 0.443285 1.05782) 159 22817 1 22817 0.971957 5 11591 1 -1 1 4.3e-06 0 (0.41951 0.0341959 0.0165322) 2650 69.972 0 (0 0 0) (0 0 0)
5.820000e+02	1 (0 0.273204 0.510886 0.21591) (23.5 0.397895 1.07506) 441 22711 1 22711 0.700272 5 9235 1 -1 1 8.9e-06 0 (0.421074 0.0278586 0.0144731) 2650 71.7003 0 (0 0 0) (0 0 0)
5.820000e+02	1 (0 0.248074 0.685778 0.0661481) (23.5 0.474737 1.10988) 440 22712 2 22712 0.524157 5 11345 1 -1 1 4.3e-06 0 (0.428143 0.0255229 0.0137132) 2650 69.5242 0 (0 0 0) (0 0 0)
5.820000e+02	1 (0 0.070842 0.882546 0.0466119) (23.5 0.413982 1.12922) 426 22713 1 22713 0.874747 5 11288 1 -1 1 4.3e-06 0 (0.428105 0.0199929 0.0108661) 2650 69.8747 0 (0 0 0) (0 0 0)
5.820000e+02	1 (0 0.619494 0.239427 0.14108) (23.5 0.438832 1.15225) 427 22714 2 22714 0.501974 5 11558 1 -1 1 4.3e-06 0 (0.429719 0.0174605 0.0100442) 2650 69.502 0 (0 0 0) (0 0 0)
5.820000e+02	1 (0 0.0221051 0.662316 0.315579) (23.5 0.392704 1.19348) 426 22713 2 22713 0.737995 5 11557 1 -1 1 4.3e-06 0 (0.429419 0.0108416 0.00605132) 2650 69.738 0 (0 0 0) (0 0 0)
5.820000e+02	1 (0 0.18391 0.480375 0.335716) (23.5 0.404879 1.21924) 417 22727 1 22727 0.820898 5 11620 1 -1 1 4.3e-06 0 (0.42999 0.00732404 0.00482243) 2650 69.8209 0 (0 0 0) (0 0 0)
5.820000e+02	1 (0 0.678416 0.172095 0.149489) (23.5 0.433418 1.14819) 427 22714 2 22714 0.954704 5 11590 1 -1 1 4.3e-06 0 (0.429415 0.0179097 0.010133) 2650 69.9547 0 (0 0 0) (0 0 0)
5.820000e+02	1 (0 0.640581 0.199664 0.159755) (23.5 0.448426 1.20653) 416 22728 1 22728 0.932252 5 9734 1 -1 1 8.9e-06 0 (0.431404 0.00989731 0.00688382) 2650 71.9323 0 (0 0 0) (0 0 0)
5.830000e+02	1 (0 0.397763 0.547156 0.0550804) (23.5 0.971694 1.29626) 199 22779 2 22779 0.293801 5 4988 1 -1 1 7.5e-05 0 (0.385597 5.67283e-05 0.0464236) 2650 77.2938 0 (0 0 0) (0 0 0)
5.830000e+02	1 (0 0.262979 0.693119 0.0439023) (23.5 0.967915 1.26399) 196 22782 1 22782 0.211678 5 4955 1 -1 1 7.5e-05 0 (0.39276 0.00150343 0.0484336) 2650 77.2117 0 (0 0 0) (0 0 0)
5.830000e+02	1 (0 0.526265 0.0446398 0.429095) (23.5 0.951578 1.37895) 203 22786 1 22786 0.0291142 5 10071 1 -1 1 8.9e-06 0 (0.39625 -0.00690575 0.0425005) 2650 72.0291 0 (0 0 0) (0 0 0)
5.830000e+02	1 (0 0.239765 0.653897 0.106337) (23.5 0.969426 1.07671) 190 22849 2 22849 0.843602 5 4662 1 -1 1 7.5e-05 0 (0.366471 0.00803708 0.0269421) 2650 77.8436 0 (0 0 0) (0 0 0)
5.830000e+02	1 (0 0.14955 0.374803 0.475646) (23.5 0.93022 1.30158) 409 22770 1 22770 0.0296127 5 9942 1 -1 1 8.9e-06 0 (0.413751 -0.00111406 0.0496499) 2650 72.0296 0 (0 0 0) (0 0 0)
5.830000e+02	1 (0 0.154757 0.0747696 0.770473) (23.5 0.86601 1.17972) 432 22749 1 22749 0.0955509 5 9529 1 -1 1 8.9e-06 0 (0.423569 0.0149116 0.0432191) 2650 72.0956 0 (0 0 0) (0 0 0)
5.830000e+02	1 (0 0.980422 0.0189218 0.000656088) (23.5 0.192593 1.06127) 443 22707 1 22707 0.578928 5 11358 1 -1 1 4.3e-06 0 (0.408025 0.0139055 0.0142098) 2650 70.5789 0 (0 0 0) (0 0 0)
5.830000e+02	1 (0 0.00877056 0.417411 0.573818) (23.5 0.903017 1.26667) 410 22768 2 22768 0.62364 5 11894 1 -1 1 4.3e-06 0 (0.418421 0.00274875 0.0480186) 2650 70.6236 0 (0 0 0) (0 0 0)
5.830000e+02	1 (0 0.0764496 0.07297 0.85058) (23.5 0.880716 1.40382) 386 22772 2 22772 0.263807 5 12099 1 -1 1 4.3e-06 0 (0.415465 -0.0184526 0.0355465) 2650 70.2638 0 (0 0 0) (0 0 0)
5.830000e+02	1 (0 0.239933 0.291605 0.468462) (23.5 0.462337 1.05534) 159 22817 1 22817 0.501649 5 11623 1 -1 1 4.3e-06 0 (0.42013 0.0308495 0.0168549) 2650 70.5016 0 (0 0 0) (0 0 0)
5.830000e+02	1 (0 0.140979 0.813947 0.0450733) (23.5 0.329334 1.19828) 418 22724 1 22724 0.263882 5 11492 1 -1 1 4.3e-06 0 (0.426076 0.00651327 0.00524528) 2650 70.2639 0 (0 0 0) (0 0 0)
5.830000e+02	1 (0 0.0129421 0.220804 0.766254) (23.5 0.280758 1.12523) 442 22708 2 22708 0.389639 5 11719 1 -1 1 4.3e-06 0 (0.421763 0.0113389 0.0106798) 2650 70.3896 0 (0 0 0) (0 0 0)
5.830000e+02	1 (0 0.510338 0.22948 0.260182) (23.5 0.378986 1.21379) 417 22727 1 22727 0.0327026 5 11556 1 -1 1 4.3e-06 0 (0.428162 0.0055939 0.00451963) 2650 70.0327 0 (0 0 0) (0 0 0)
5.830000e+02	1 (0 0.231259 0.0360817 0.73266) (23.5 0.343072 1.17906) 426 22713 2 22713 0.250815 5 11589 1 -1 1 4.3e-06 0 (0.426292 0.00855136 0.00660751) 2650 70.2508 0 (0 0 0) (0 0 0)
5.830000e+02	1 (0 0.759115 0.11728 0.123605) (23.5 0.349646 1.14264) 426 22713 2 22713 0.28596 5 11751 1 -1 1 4.3e-06 0 (0.425619 0.0119582 0.00935369) 2650 70.286 0 (0 0 0) (0 0 0)
5.830000e+02	1 (0 0.46346 0.0750712 0.461469) (23.5 0.543139 1.09102) 439 22739 1 22739 0.334641 5 9445 1 -1 1 8.9e-06 0 (0.428674 0.0276532 0.0160837) 2650 72.3346 0 (0 0 0) (0 0 0)
5.830000e+02	1 (0 0.0442372 0.466998 0.488765) (23.5 0.377213 1.19196) 426 22713 2 22713 0.136178 5 4329 1 -1 1 7.5e-05 0 (0.428112 0.00815097 0.00120553) 2650 77.1362 0 (0 0 0) (0 0 0)
5.830000e+02	1 (0 0.319154 0.469317 0.211529) (23.5 0.457309 1.17298) 427 22714 2 22714 0.269071 5 9476 1 -1 1 8.9e-06 0 (0.430895 0.0119669 0.00839186) 2650 72.2691 0 (0 0 0) (0 0 0)
5.830000e+02	1 (0 0.0647068 0.0721855 0.863108) (23.5 0.49479 1.25729) 416 22728 1 22728 0.478258 5 11459 1 -1 1 4.3e-06 0 (0.432205 0.00129978 0.00463582) 2650 70.4783 0 (0 0 0) (0 0 0)
5.830000e+02	1 (0 0.267312 0.353254 0.379434) (23.5 0.922818 1.29464) 409 22770 1 22770 0.843717 5 11959 1 -1 1 4.3e-06 0 (0.415051 -0.000338659 0.049143) 2650 70.8437 0 (0 0 0) (0 0 0)
5.830000e+02	1 (0 0.0308898 0.210453 0.758657) (23.5 0.359324 1.06031) 158 22814 1 22814 0.960035 5 11655 1 -1 1 4.3e-06 0 (0.418124 0.0226269 0.0154024) 2650 70.96 0 (0 0 0) (0 0 0)
5.830000e+02	1 (0 0.0266938 0.366214 0.607092) (23.5 0.291555 1.19322) 425 22710 2 22710 0.744305 5 11524 1 -1 1 4.3e-06 0 (0.424268 0.00621541 0.00578948) 2650 70.7443 0 (0 0 0) (0 0 0)
5.830000e+02	1 (0 0.742253 0.143615 0.114132) (23.5 0.511547 1.07778) 439 22739 2 22739 0.570608 5 9292 1 -1 1 8.9e-06 0 (0.426397 0.0286729 0.0159477) 2650 72.5706 0 (0 0 0) (0 0 0)
5.830000e+02	1 (0 0.284889 0.413036 0.302074) (23.5 0.295248 1.1754) 425 22710 2 22710 0.815002 5 11621 1 -1 1 4.3e-06 0 (0.423924 0.00762494 0.0070214) 2650 70.815 0 (0 0 0) (0 0 0)
5.830000e+02	1 (0 0.456947 0.190104 0.352949) (23.5 0.515285 1.09632) 439 22739 2 22739 0.709571 5 11349 1 -1 1 4.3e-06 0 (0.428582 0.0255441 0.0148723) 2650 70.7096 0 (0 0 0) (0 0 0)
5.830000e+02	1 (0 0.746457 0.120332 0.133211) (23.5 0.349885 1.14351) 426 22713 2 22713 0.891474 5 9926 1 -1 1 8.9e-06 0 (0.425652 0.0118851 0.00923577) 2650 72.8915 0 (0 0 0) (0 0 0)
5.830000e+02	1 (0 0.590558 0.194038 0.215404) (23.5 0.452453 1.21055) 416 22728 1 22728 0.565841 5 11493 1 -1 1 4.3e-06 0 (0.43108 0.00718691 0.00594728) 2650 70.5658 0 (0 0 0) (0 0 0)
5.830000e+02	1 (0 0.74123 0.189882 0.0688875) (23.5 0.595437 1.07785) 438 22740 2 22740 0.950643 5 4886 1 -1 1 7.5e-05 0 (0.428008 0.0329489 0.0139146) 2650 77.9506 0 (0 0 0) (0 0 0)
5.830000e+02	1 (0 0.455699 0.246247 0.298054) (23.5 0.623568 1.08041) 438 22740 1 22740 0.968491 5 4918 1 -1 1 7.5e-05 0 (0.42834 0.0335167 0.0150508) 2650 77.9685 0 (0 0 0) (0 0 0)
5.840000e+02	1 (0 0.0425554 0.791068 0.166376) (23.5 0.963299 1.39724) 202 22785 1 22785 0.430938 5 10165 1 -1 1 8.9e-06 0 (0.383339 -0.00696997 0.0386239) 2650 73.4309 0 (0 0 0) (0 0 0)
5.840000e+02	1 (0 0.780157 0.0306857 0.189157) (23.5 0.959003 1.02126) 181 22881 1 22881 0.0912584 5 4440 1 -1 1 7.5e-05 0 (0.321877 0.00443145 0.0165707) 2650 78.0913 0 (0 0 0) (0 0 0)
5.840000e+02	1 (0 0.224121 0.400165 0.375715) (23.5 0.974518 1.07554) 190 22849 2 22849 0.964985 5 4598 1 -1 1 7.5e-05 0 (0.359989 0.00670359 0.0255988) 2650 78.965 0 (0 0 0) (0 0 0)
5.840000e+02	1 (0 0.273335 0.443012 0.283654) (23.5 0.945894 1.31906) 198 22780 1 22780 0.992226 5 12024 1 -1 1 4.3e-06 0 (0.409045 -0.00279185 0.0495246) 2650 71.9922 0 (0 0 0) (0 0 0)
5.840000e+02	1 (0 0.0116331 0.363879 0.624488) (23.5 0.93959 1.4339) 204 22789 1 22789 0.358675 5 9698 1 -1 1 8.9e-06 0 (0.393591 -0.012713 0.0308876) 2650 73.3587 0 (0 0 0) (0 0 0)
5.840000e+02	1 (0 0.124307 0.241601 0.634092) (23.5 0.891736 1.18704) 433 22750 2 22750 0.628472 5 9558 1 -1 1 8.9e-06 0 (0.420575 0.01137 0.0449745) 2650 73.6285 0 (0 0 0) (0 0 0)
5.840000e+02	1 (0 0.0451031 0.356627 0.59827) (23.5 0.873344 1.16792) 432 22749 1 22749 0.460298 5 9530 1 -1 1 8.9e-06 0 (0.423101 0.0148747 0.0422859) 2650 73.4603 0 (0 0 0) (0 0 0)
5.840000e+02	1 (0 0.0754375 0.474906 0.449656) (23.5 0.258444 1.09033) 443 22707 1 22707 0.148609 5 11687 1 -1 1 4.3e-06 0 (0.416915 0.00980039 0.0142075) 2650 71.1486 0 (0 0 0) (0 0 0)
5.840000e+02	1 (0 0.286033 0.147758 0.566209) (23.5 0.285216 1.01975) 154 22810 2 22810 0.641817 5 4182 1 -1 1 7.5e-05 0 (0.376524 0.0203445 0.0139844) 2650 78.6418 0 (0 0 0) (0 0 0)
5.840000e+02	1 (0 0.309073 0.0290591 0.661868) (23.5 0.52489 1.01728) 163 22819 2 22819 0.698861 5 4837 1 -1 1 7.5e-05 0 (0.381439 0.0385367 0.0150311) 2650 78.6989 0 (0 0 0) (0 0 0)
5.840000e+02	1 (0 0.123546 0.157448 0.719006) (23.5 0.275925 1.11805) 442 22708 2 22708 0.135795 5 11783 1 -1 1 4.3e-06 0 (0.420838 0.00794804 0.0124571) 2650 71.1358 0 (0 0 0) (0 0 0)
5.840000e+02	1 (0 0.252487 0.404779 0.342734) (23.5 0.639703 1.08331) 438 22740 1 22740 0.0669798 5 4950 1 -1 1 7.5e-05 0 (0.43037 0.02942 0.0144776) 2650 78.067 0 (0 0 0) (0 0 0)
5.840000e+02	1 (0 0.0345841 0.560588 0.404828) (23.5 0.657 1.08735) 438 22740 1 22740 0.15331 5 4982 1 -1 1 7.5e-05 0 (0.430899 0.0294768 0.014952) 2650 78.1533 0 (0 0 0) (0 0 0)
5.840000e+02	1 (0 0.549152 0.00965014 0.441198) (23.5 0.660475 1.09034) 437 22743 2 22743 0.325634 5 5014 1 -1 1 7.5e-05 0 (0.431243 0.0290111 0.0149764) 2650 78.3256 0 (0 0 0) (0 0 0)
5.840000e+02	1 (0 0.70533 0.270206 0.0244636) (23.5 0.521725 1.08018) 439 22739 2 22739 0.215756 5 4854 1 -1 1 7.5e-05 0 (0.428034 0.0236785 0.0108567) 2650 78.2158 0 (0 0 0) (0 0 0)
5.840000e+02	1 (0 0.151736 0.805295 0.0429688) (23.5 0.4878 1.12896) 427 22714 1 22714 0.231747 5 9443 1 -1 1 8.9e-06 0 (0.431406 0.0146855 0.0111449) 2650 73.2317 0 (0 0 0) (0 0 0)
5.840000e+02	1 (0 0.283986 0.587326 0.128688) (23.5 0.0977593 1.10828) 445 22703 2 22703 0.934902 5 9247 1 -1 1 8.9e-06 0 (0.399659 0.00492717 0.0123616) 2650 73.9349 0 (0 0 0) (0 0 0)
5.840000e+02	1 (0 0.334791 0.306838 0.358372) (23.5 0.760875 1.04466) 171 22829 2 22829 0.850543 5 9276 1 -1 1 8.9e-06 0 (0.411248 0.0411741 0.025982) 2650 73.8505 0 (0 0 0) (0 0 0)
5.840000e+02	1 (0 0.555945 0.355835 0.0882203) (23.5 0.832761 1.09029) 435 22747 2 22747 0.931609 5 9340 1 -1 1 8.9e-06 0 (0.420029 0.0292464 0.034724) 2650 73.9316 0 (0 0 0) (0 0 0)
5.840000e+02	1 (0 0.263255 0.481322 0.255424) (23.5 0.225969 1.17703) 424 22709 2 22709 0.629134 5 11653 1 -1 1 4.3e-06 0 (0.420169 0.0035764 0.00939209) 2650 71.6291 0 (0 0 0) (0 0 0)
5.840000e+02	1 (0 0.0159103 0.492651 0.491439) (23.5 0.262507 1.16) 424 22709 1 22709 0.561641 5 11750 1 -1 1 4.3e-06 0 (0.421648 0.00506002 0.0099548) 2650 71.5616 0 (0 0 0) (0 0 0)
5.840000e+02	1 (0 0.514199 0.218695 0.267106) (23.5 0.539059 1.07839) 439 22739 1 22739 0.492645 5 9300 1 -1 1 8.9e-06 0 (0.4283 0.0250672 0.0159388) 2650 73.4926 0 (0 0 0) (0 0 0)
5.840000e+02	1 (0 0.64163 0.32112 0.0372495) (23.5 0.830844 1.29314) 408 22769 2 22769 0.66567 5 12285 1 -1 1 4.3e-06 0 (0.429153 -0.00229323 0.0333979) 2650 71.6657 0 (0 0 0) (0 0 0)
5.840000e+02	1 (0 0.210257 0.10613 0.683613) (23.5 0.743802 1.11245) 436 22744 2 22744 0.619142 5 4821 1 -1 1 7.5e-05 0 (0.431606 0.0262817 0.0204175) 2650 78.6191 0 (0 0 0) (0 0 0)
5.840000e+02	1 (0 0.37224 0.414619 0.213141) (23.5 0.69143 1.10186) 437 22743 2 22743 0.764216 5 5046 1 -1 1 7.5e-05 0 (0.432041 0.027352 0.0168649) 2650 78.7642 0 (0 0 0) (0 0 0)
5.840000e+02	1 (0 0.187273 0.507135 0.305592) (23.5 0.540775 1.11383) 439 22739 2 22739 0.396959 5 9380 1 -1 1 8.9e-06 0 (0.431975 0.0191298 0.0135402) 2650 73.397 0 (0 0 0) (0 0 0)
5.840000e+02	1 (0 0.218768 0.029667 0.751565) (23.5 0.502385 1.11179) 439 22739 2 22739 0.657618 5 11526 1 -1 1 4.3e-06 0 (0.43056 0.0178761 0.0126377) 2650 71.6576 0 (0 0 0) (0 0 0)
5.840000e+02	1 (0 0.738236 0.165037 0.0967277) (23.5 0.440644 1.13267) 427 22714 1 22714 0.602146 5 11622 1 -1 1 4.3e-06 0 (0.429429 0.0122839 0.0104787) 2650 71.6021 0 (0 0 0) (0 0 0)
5.840000e+02	1 (0 0.315047 0.0177835 0.667169) (23.5 0.394574 1.17204) 426 22713 1 22713 0.815224 5 11718 1 -1 1 4.3e-06 0 (0.427786 0.00717242 0.00743299) 2650 71.8152 0 (0 0 0) (0 0 0)
5.840000e+02	1 (0 0.370035 0.462572 0.167393) (23.5 0.456791 1.10196) 440 22712 2 22712 0.385229 5 4983 1 -1 1 7.5e-05 0 (0.42775 0.016846 0.00825845) 2650 78.3852 0 (0 0 0) (0 0 0)
5.840000e+02	1 (0 0.303478 0.171777 0.524745) (23.5 0.475601 1.09512) 440 22712 1 22712 0.414707 5 5015 1 -1 1 7.5e-05 0 (0.427857 0.018839 0.00893648) 2650 78.4147 0 (0 0 0) (0 0 0)
5.840000e+02	1 (0 0.573514 0.116157 0.310329) (23.5 0.509339 1.08874) 439 22739 2 22739 0.614866 5 5047 1 -1 1 7.5e-05 0 (0.428495 0.0218158 0.00987035) 2650 78.6149 0 (0 0 0) (0 0 0)
5.840000e+02	1 (0 0.217185 0.387493 0.395322) (23.5 0.45071 1.18001) 427 22714 2 22714 0.622053 5 11368 1 -1 1 4.3e-06 0 (0.43035 0.00806578 0.00714716) 2650 71.6221 0 (0 0 0) (0 0 0)
5.840000e+02	1 (0 0.161638 0.317673 0.520689) (23.5 0.445083 1.18385) 427 22714 2 22714 0.771982 5 11399 1 -1 1 4.3e-06 0 (0.430157 0.00761735 0.00677901) 2650 71.772 0 (0 0 0) (0 0 0)
5.840000e+02	1 (0 0.188535 0.0849812 0.726484) (23.5 0.426351 1.18199) 427 22714 2 22714 0.864306 5 11525 1 -1 1 4.3e-06 0 (0.429358 0.00740032 0.00664618) 2650 71.8643 0 (0 0 0) (0 0 0)
5.840000e+02	1 (0 0.88594 0.11267 0.0013905) (23.5 0.428768 1.1261) 427 22714 1 22714 0.993454 5 4951 1 -1 1 7.5e-05 0 (0.428841 0.0125392 0.00616129) 2650 78.9935 0 (0 0 0) (0 0 0)
5.850000e+02	1 (0 0.571972 0.0634114 0.364616) (23.5 0.952779 1.31337) 198 22780 1 22780 0.0900427 5 9974 1 -1 1 8.9e-06 0 (0.405424 -0.00191685 0.0491705) 2650 74.09 0 (0 0 0) (0 0 0)
5.850000e+02	1 (0 0.334212 0.0896578 0.57613) (23.5 0.960462 1.36282) 203 22786 2 22786 0.404979 5 12152 1 -1 1 4.3e-06 0 (0.394829 -0.00528111 0.0443691) 2650 72.405 0 (0 0 0) (0 0 0)
5.850000e+02	1 (0 0.761455 0.0669446 0.1716) (23.5 0.0755527 1.35135) 397 22719 1 22719 0.111449 5 4359 1 -1 1 7.5e-05 0 (0.405539 -0.00165482 0.00149553) 2650 79.1114 0 (0 0 0) (0 0 0)
5.850000e+02	1 (0 0.198354 0.312778 0.488868) (23.5 0.94391 1.44307) 204 22789 1 22789 0.765342 5 11875 1 -1 1 4.3e-06 0 (0.386947 -0.0114321 0.0263747) 2650 72.7653 0 (0 0 0) (0 0 0)
5.850000e+02	1 (0 0.518527 0.321092 0.16038) (23.5 0.0270175 1.20637) 127 22807 1 22807 0.898332 5 2729 1 -1 1 0.00015 0 (0.378141 0.000168565 -0.00737062) 2650 81.8983 0 (0 0 0) (0 0 0)
5.850000e+02	1 (0 0.502077 0.338603 0.15932) (23.5 0.773246 1.04543) 171 22829 2 22829 0.512289 5 11547 1 -1 1 4.3e-06 0 (0.413272 0.0376242 0.0258645) 2650 72.5123 0 (0 0 0) (0 0 0)
5.850000e+02	1 (0 0.465481 0.531973 0.00254637) (23.5 0.159521 1.1956) 420 22716 1 22716 0.595304 5 11685 1 -1 1 4.3e-06 0 (0.417215 0.000247684 0.0124019) 2650 72.5953 0 (0 0 0) (0 0 0)
5.850000e+02	1 (0 0.315039 0.150773 0.534188) (23.5 0.16988 1.16329) 423 22706 1 22706 0.565497 5 11782 1 -1 1 4.3e-06 0 (0.41692 0.00124367 0.0134649) 2650 72.5655 0 (0 0 0) (0 0 0)
5.850000e+02	1 (0 0.455309 0.307288 0.237403) (23.5 0.895475 1.44541) 385 22774 2 22774 0.661516 5 12228 1 -1 1 4.3e-06 0 (0.401563 -0.0186497 0.0235805) 2650 72.6615 0 (0 0 0) (0 0 0)
5.850000e+02	1 (0 0.788152 0.0278685 0.18398) (23.5 0.517033 1.07299) 439 22739 1 22739 0.0940481 5 9321 1 -1 1 8.9e-06 0 (0.428153 0.0194565 0.015299) 2650 74.094 0 (0 0 0) (0 0 0)
5.850000e+02	1 (0 0.172157 0.163313 0.664529) (23.5 0.276382 1.11489) 442 22708 2 22708 0.213975 5 9958 1 -1 1 8.9e-06 0 (0.420705 0.00433191 0.013944) 2650 74.214 0 (0 0 0) (0 0 0)
5.850000e+02	1 (0 0.0954572 0.25595 0.648592) (23.5 0.82629 1.18877) 432 22749 2 22749 0.160196 5 4853 1 -1 1 7.5e-05 0 (0.432373 0.011034 0.0282522) 2650 79.1602 0 (0 0 0) (0 0 0)
5.850000e+02	1 (0 0.386655 0.245402 0.367943) (23.5 0.310454 1.22161) 418 22724 1 22724 0.326443 5 4238 1 -1 1 7.5e-05 0 (0.422938 0.000303481 0.0016932) 2650 79.3264 0 (0 0 0) (0 0 0)
5.850000e+02	1 (0 0.625882 0.196806 0.177312) (23.5 0.530079 1.07256) 439 22739 1 22739 0.350712 5 9351 1 -1 1 8.9e-06 0 (0.428523 0.0204284 0.0155314) 2650 74.3507 0 (0 0 0) (0 0 0)
5.850000e+02	1 (0 0.166053 0.253917 0.58003) (23.5 0.327546 1.16605) 425 22710 1 22710 0.21966 5 4298 1 -1 1 7.5e-05 0 (0.424111 0.00289521 0.00480477) 2650 79.2197 0 (0 0 0) (0 0 0)
5.850000e+02	1 (0 0.623498 0.066306 0.310196) (23.5 0.370005 1.2174) 417 22727 1 22727 0.169203 5 4711 1 -1 1 7.5e-05 0 (0.425486 0.000959178 0.000374659) 2650 79.1692 0 (0 0 0) (0 0 0)
5.850000e+02	1 (0 0.130778 0.628365 0.240857) (23.5 0.409214 1.14262) 426 22713 1 22713 0.203702 5 9894 1 -1 1 8.9e-06 0 (0.427829 0.00640702 0.00962356) 2650 74.2037 0 (0 0 0) (0 0 0)
5.850000e+02	1 (0 0.421183 0.0633596 0.515457) (23.5 0.424636 1.16594) 427 22714 2 22714 0.256104 5 9766 1 -1 1 8.9e-06 0 (0.428504 0.0053692 0.00769536) 2650 74.2561 0 (0 0 0) (0 0 0)
5.850000e+02	1 (0 0.525588 0.236671 0.23774) (23.5 0.139637 1.15933) 423 22706 2 22706 0.921296 5 9957 1 -1 1 8.9e-06 0 (0.414969 0.0013326 0.013875) 2650 74.9213 0 (0 0 0) (0 0 0)
5.850000e+02	1 (0 0.222633 0.407062 0.370305) (23.5 0.176198 1.15195) 423 22706 1 22706 0.633293 5 11814 1 -1 1 4.3e-06 0 (0.41722 0.00159023 0.0139665) 2650 72.6333 0 (0 0 0) (0 0 0)
5.850000e+02	1 (0 0.1815 0.753426 0.0650745) (23.5 0.174788 1.11459) 444 22704 2 22704 0.938939 5 9989 1 -1 1 8.9e-06 0 (0.414731 0.00298105 0.0153441) 2650 74.9389 0 (0 0 0) (0 0 0)
5.850000e+02	1 (0 0.635665 0.0685057 0.295829) (23.5 0.291365 1.21642) 418 22724 1 22724 0.736136 5 4210 1 -1 1 7.5e-05 0 (0.422302 0.000261911 0.0026625) 2650 79.7361 0 (0 0 0) (0 0 0)
5.850000e+02	1 (0 0.176839 0.612963 0.210198) (23.5 0.179366 1.14089) 423 22706 1 22706 0.85306 5 11846 1 -1 1 4.3e-06 0 (0.417294 0.00192603 0.0144642) 2650 72.8531 0 (0 0 0) (0 0 0)
5.850000e+02	1 (0 0.655464 0.00928548 0.335251) (23.5 0.290326 1.08286) 442 22708 1 22708 0.594873 5 11815 1 -1 1 4.3e-06 0 (0.418164 0.00700289 0.0153293) 2650 72.5949 0 (0 0 0) (0 0 0)
5.850000e+02	1 (0 0.410971 0.438751 0.150279) (23.5 0.627159 1.07081) 438 22740 1 22740 0.63838 5 11283 1 -1 1 4.3e-06 0 (0.430459 0.0267609 0.0182546) 2650 72.6384 0 (0 0 0) (0 0 0)
5.850000e+02	1 (0 0.506969 0.459138 0.0338927) (23.5 0.616762 1.09307) 438 22740 2 22740 0.431513 5 11346 1 -1 1 4.3e-06 0 (0.432707 0.0218186 0.0165979) 2650 72.4315 0 (0 0 0) (0 0 0)
5.850000e+02	1 (0 0.581854 0.192938 0.225208) (23.5 0.533613 1.42469) 380 22761 1 22761 0.918658 5 9307 1 -1 1 8.9e-06 0 (0.4219 -0.0260327 -0.00215629) 2650 74.9187 0 (0 0 0) (0 0 0)
5.850000e+02	1 (0 0.497226 0.495282 0.00749233) (23.5 0.540425 1.12652) 428 22741 1 22741 0.869503 5 11367 1 -1 1 4.3e-06 0 (0.433529 0.0129787 0.0117021) 2650 72.8695 0 (0 0 0) (0 0 0)
