# Time         currentProc " (coordinates0 coordinates1 coordinates2 coordinates3) (position0 position1 position2) celli tetFacei tetPti facei stepFraction origProc origId active typeId nParticle d dTarget (U0 U1 U2) rho age tTurb (UTurb0 UTurb1 UTurb2) (UCorrect0 UCorrect1 UCorrect2)"
5.810000e+02	5 (0 0.0902905 0.35217 0.557539) (23.5 0.412466 1.44662) 157 32974 1 32974 0.330888 0 6687 1 -1 1 1.3e-06 0 (0.536621 -0.0428836 -0.00732792) 2650 66.3309 0 (0 0 0) (0 0 0)
5.810000e+02	5 (0 0.237465 0.172541 0.589994) (23.5 0.594076 1.39294) 452 32997 2 32997 0.683788 0 5904 1 -1 1 4.3e-06 0 (0.503248 -0.0413776 -0.00345971) 2650 68.6838 0 (0 0 0) (0 0 0)
5.810000e+02	5 (0 0.195505 0.764698 0.0397962) (23.5 0.721118 1.41222) 451 33004 1 33004 0.124254 0 2277 1 -1 1 7.5e-05 0 (0.494871 -0.0665783 0.0447221) 2650 75.1243 0 (0 0 0) (0 0 0)
5.810000e+02	5 (0 0.501472 0.422046 0.0764823) (23.5 0.619876 1.41465) 359 33003 1 33003 0.520999 0 4426 1 -1 1 1.25e-05 0 (0.494704 -0.0650892 0.00151441) 2650 71.521 0 (0 0 0) (0 0 0)
5.810000e+02	5 (0 0.263846 0.543385 0.192769) (23.5 0.543782 1.24813) 561 32982 2 32982 0.575416 0 3712 1 -1 1 2.12e-05 0 (0.537482 0.0369672 0.0551645) 2650 72.5754 0 (0 0 0) (0 0 0)
5.810000e+02	5 (0 0.0250389 0.461074 0.513887) (23.5 0.26574 1.50551) 77 33036 2 33036 0.25239 0 5939 1 -1 1 4.3e-06 0 (0.561021 -0.00997238 0.00378139) 2650 68.2524 0 (0 0 0) (0 0 0)
5.810000e+02	5 (0 0.185497 0.564158 0.250345) (23.5 0.404843 1.07808) 563 32948 1 32948 0.513832 0 3085 1 -1 1 3.26e-05 0 (0.519166 0.0360609 0.15881) 2650 73.5138 0 (0 0 0) (0 0 0)
5.810000e+02	5 (0 0.247456 0.150549 0.601994) (23.5 0.352138 1.1782) 455 32954 2 32954 0.314198 0 2829 1 -1 1 5.3e-05 0 (0.550684 0.01636 0.0943962) 2650 74.3142 0 (0 0 0) (0 0 0)
5.810000e+02	5 (0 0.247915 0.151196 0.600889) (23.5 0.352189 1.17817) 455 32954 2 32954 0.570774 0 3853 1 -1 1 2.12e-05 0 (0.550659 0.0163835 0.0964464) 2650 72.5708 0 (0 0 0) (0 0 0)
5.810000e+02	5 (0 0.239124 0.434682 0.326194) (23.5 0.245991 1.29082) 159 32964 1 32964 0.889455 0 3176 1 -1 1 3.26e-05 0 (0.562487 0.0139314 0.0534986) 2650 73.8895 0 (0 0 0) (0 0 0)
5.810000e+02	5 (0 0.304173 0.643458 0.0523689) (23.5 0.237557 1.31758) 159 32964 2 32964 0.75161 0 3157 1 -1 1 3.26e-05 0 (0.562637 0.01993 0.0532848) 2650 73.7516 0 (0 0 0) (0 0 0)
5.810000e+02	5 (0 0.214744 0.636724 0.148532) (23.5 0.24772 1.27796) 159 32964 1 32964 0.70936 0 4247 1 -1 1 1.25e-05 0 (0.562325 0.0114195 0.055939) 2650 71.7094 0 (0 0 0) (0 0 0)
5.810000e+02	5 (0 0.346075 0.517738 0.136187) (23.5 0.228431 1.31454) 159 32964 2 32964 0.622765 0 4268 1 -1 1 1.25e-05 0 (0.562049 0.020645 0.060883) 2650 71.6228 0 (0 0 0) (0 0 0)
5.810000e+02	5 (0 0.534112 0.20833 0.257558) (23.5 0.279343 1.22877) 283 32953 2 32953 0.686658 0 4143 1 -1 1 1.25e-05 0 (0.558908 -0.00257037 0.0624313) 2650 71.6867 0 (0 0 0) (0 0 0)
5.810000e+02	5 (0 0.594885 0.0597835 0.345332) (23.5 0.294464 1.22009) 283 32953 1 32953 0.824484 0 4163 1 -1 1 1.25e-05 0 (0.557409 -0.00302182 0.0657525) 2650 71.8245 0 (0 0 0) (0 0 0)
5.810000e+02	5 (0 0.603234 0.247782 0.148984) (23.5 0.293846 1.20596) 283 32953 1 32953 0.989646 0 4643 1 -1 1 8.9e-06 0 (0.556372 -0.00332101 0.0735673) 2650 70.9896 0 (0 0 0) (0 0 0)
5.820000e+02	5 (0 0.469059 0.00285776 0.528083) (23.5 0.382477 1.44467) 157 32974 1 32974 0.573092 0 5728 1 -1 1 4.3e-06 0 (0.539138 -0.03672 -0.00273232) 2650 69.5731 0 (0 0 0) (0 0 0)
5.820000e+02	5 (0 0.694524 0.295169 0.0103068) (23.5 0.682108 1.42987) 451 33004 2 33004 0.589879 0 5969 1 -1 1 4.3e-06 0 (0.491358 -0.086136 0.0280195) 2650 69.5899 0 (0 0 0) (0 0 0)
5.820000e+02	5 (0 0.0920771 0.372701 0.535222) (23.5 0.763119 1.40306) 675 33001 2 33001 0.127361 0 5656 1 -1 1 4.3e-06 0 (0.501039 -0.0503714 0.0756247) 2650 69.1274 0 (0 0 0) (0 0 0)
5.820000e+02	5 (0 0.292608 0.0846787 0.622714) (23.5 0.587282 1.24607) 677 32983 2 32983 0.365715 0 4212 1 -1 1 1.25e-05 0 (0.532015 0.0452903 0.0645678) 2650 72.3657 0 (0 0 0) (0 0 0)
5.820000e+02	5 (0 0.364157 0.451097 0.184746) (23.5 0.616374 1.24094) 677 32983 2 32983 0.348582 0 3311 1 -1 1 3.26e-05 0 (0.52894 0.0510889 0.073447) 2650 74.3486 0 (0 0 0) (0 0 0)
5.820000e+02	5 (0 0.273519 0.621729 0.104752) (23.5 0.477961 1.2747) 361 32969 1 32969 0.536041 0 4327 1 -1 1 1.25e-05 0 (0.544747 0.0209185 0.0439057) 2650 72.536 0 (0 0 0) (0 0 0)
5.820000e+02	5 (0 0.0227602 0.448233 0.529007) (23.5 0.417655 1.30544) 282 32968 1 32968 0.330699 0 3732 1 -1 1 2.12e-05 0 (0.550072 0.00829336 0.0323292) 2650 73.3307 0 (0 0 0) (0 0 0)
5.820000e+02	5 (0 0.0309337 0.0427774 0.926289) (23.5 0.503446 1.26489) 561 32982 2 32982 0.249153 0 4827 1 -1 1 8.9e-06 0 (0.542615 0.0269053 0.0489311) 2650 71.2492 0 (0 0 0) (0 0 0)
5.820000e+02	5 (0 0.322048 0.280824 0.397127) (23.5 0.681499 1.24399) 806 32986 2 32986 0.385464 0 3292 1 -1 1 3.26e-05 0 (0.521613 0.0588457 0.0887747) 2650 74.3855 0 (0 0 0) (0 0 0)
5.820000e+02	5 (0 0.210932 0.432458 0.35661) (23.5 0.69315 1.25199) 806 32986 2 32986 0.883551 0 4807 1 -1 1 8.9e-06 0 (0.520117 0.0576076 0.0903963) 2650 71.8836 0 (0 0 0) (0 0 0)
5.820000e+02	5 (0 0.163234 0.502208 0.334558) (23.5 0.276242 1.50814) 77 33036 2 33036 0.235819 0 5498 1 -1 1 6.4e-06 0 (0.555965 -0.0143929 0.00207386) 2650 70.2358 0 (0 0 0) (0 0 0)
5.820000e+02	5 (0 0.39161 0.589915 0.0184747) (23.5 0.26236 1.51494) 50 33035 1 33035 0.444523 0 6455 1 -1 1.00001 3.3e-06 0 (0.557908 -0.010889 0.00274401) 2650 68.4445 0 (0 0 0) (0 0 0)
5.820000e+02	5 (0 0.584505 0.0827786 0.332716) (23.5 0.269715 1.22515) 283 32953 2 32953 0.0330418 0 4623 1 -1 1 8.9e-06 0 (0.559625 -0.00306236 0.0668248) 2650 71.033 0 (0 0 0) (0 0 0)
5.820000e+02	5 (0 0.0422311 0.489273 0.468496) (23.5 0.26029 1.22897) 215 32952 1 32952 0.023265 0 4663 1 -1 1 8.9e-06 0 (0.559528 -0.00307884 0.0664852) 2650 71.0233 0 (0 0 0) (0 0 0)
5.820000e+02	5 (0 0.420184 0.267715 0.312101) (23.5 0.232853 1.28981) 159 32964 1 32964 0.0455409 0 4642 1 -1 1 8.9e-06 0 (0.56057 0.0126965 0.0650015) 2650 71.0455 0 (0 0 0) (0 0 0)
5.820000e+02	5 (0 0.447579 0.536282 0.016139) (23.5 0.384129 1.12762) 455 32954 1 32954 0.29441 0 4613 1 -1 1 8.9e-06 0 (0.539095 0.028096 0.134901) 2650 71.2944 0 (0 0 0) (0 0 0)
5.820000e+02	5 (0 0.0777075 0.0825861 0.839706) (23.5 0.334222 1.1842) 363 32951 1 32951 0.105028 0 4632 1 -1 1 8.9e-06 0 (0.553525 0.0141816 0.0924079) 2650 71.105 0 (0 0 0) (0 0 0)
5.820000e+02	5 (0 0.420075 0.000573107 0.579352) (23.5 0.263924 1.09944) 456 32947 2 32947 0.506731 0 2703 1 -1 1 5.3e-05 0 (0.522941 0.00438859 0.138373) 2650 75.5067 0 (0 0 0) (0 0 0)
5.820000e+02	5 (0 0.613346 0.156735 0.229919) (23.5 0.293061 1.21179) 283 32953 1 32953 0.299737 0 5267 1 -1 1 6.4e-06 0 (0.557565 -0.00149342 0.0729494) 2650 70.2997 0 (0 0 0) (0 0 0)
5.820000e+02	5 (0 0.69272 0.301454 0.00582561) (23.5 0.364538 1.06229) 563 32948 1 32948 0.986093 0 4171 1 -1 1 1.25e-05 0 (0.512715 0.0279132 0.17427) 2650 72.9861 0 (0 0 0) (0 0 0)
5.820000e+02	5 (0 0.383985 0.101383 0.514632) (23.5 0.165435 1.44347) 51 32963 1 32963 0.474493 0 3246 1 -1 1 3.26e-05 0 (0.570377 0.0153997 0.0510643) 2650 74.4745 0 (0 0 0) (0 0 0)
5.820000e+02	5 (0 0.116082 0.434663 0.449255) (23.5 0.222467 1.33115) 159 32964 2 32964 0.865921 0 5766 1 -1 1 4.3e-06 0 (0.564125 0.0266415 0.0604429) 2650 69.8659 0 (0 0 0) (0 0 0)
5.820000e+02	5 (0 0.384955 0.463023 0.152022) (23.5 0.224454 1.31173) 159 32964 2 32964 0.731577 0 5662 1 -1 1 4.3e-06 0 (0.561143 0.0189361 0.0652803) 2650 69.7316 0 (0 0 0) (0 0 0)
5.820000e+02	5 (0 0.218973 0.393844 0.387182) (23.5 0.219481 1.32371) 159 32964 2 32964 0.903154 0 6266 1 -1 1.00001 3.3e-06 0 (0.563011 0.0244043 0.0648568) 2650 68.9032 0 (0 0 0) (0 0 0)
5.820000e+02	5 (0 0.411654 0.496171 0.0921757) (23.5 0.226851 1.3098) 159 32964 2 32964 0.508264 0 5161 1 -1 1 6.4e-06 0 (0.560832 0.0177534 0.0642396) 2650 70.5083 0 (0 0 0) (0 0 0)
5.820000e+02	5 (0 0.233837 0.0344502 0.731713) (23.5 0.322295 1.17679) 363 32951 1 32951 0.790069 0 4770 1 -1 1 8.9e-06 0 (0.550914 0.0101259 0.0967155) 2650 71.7901 0 (0 0 0) (0 0 0)
5.820000e+02	5 (0 0.179877 0.22954 0.590583) (23.5 0.250287 1.23778) 215 32952 1 32952 0.521279 0 5246 1 -1 1 6.4e-06 0 (0.557738 -0.00240699 0.0659138) 2650 70.5213 0 (0 0 0) (0 0 0)
5.820000e+02	5 (0 0.22721 0.627292 0.145497) (23.5 0.390004 1.11183) 563 32948 2 32948 0.819595 0 3936 1 -1 1 2.12e-05 0 (0.532664 0.0304224 0.143049) 2650 73.8196 0 (0 0 0) (0 0 0)
5.820000e+02	5 (0 0.122108 0.48359 0.394302) (23.5 0.378648 1.11863) 563 32948 2 32948 0.730367 0 4751 1 -1 1 8.9e-06 0 (0.535572 0.0273806 0.140801) 2650 71.7304 0 (0 0 0) (0 0 0)
5.820000e+02	5 (0 0.495946 0.268112 0.235942) (23.5 0.361526 1.16114) 455 32954 2 32954 0.782575 0 6683 1 -1 1 1.3e-06 0 (0.546481 0.0205882 0.113368) 2650 67.7826 0 (0 0 0) (0 0 0)
5.820000e+02	5 (0 0.147914 0.778462 0.0736236) (23.5 0.407859 1.13156) 455 32954 1 32954 0.484132 0 2889 1 -1 1 5.3e-05 0 (0.539747 0.0332356 0.127246) 2650 75.4841 0 (0 0 0) (0 0 0)
5.830000e+02	5 (0 0.506522 0.281282 0.212196) (23.5 0.37951 1.42367) 157 32974 1 32974 0.505473 0 6186 1 -1 1.00001 3.3e-06 0 (0.539832 -0.0263959 0.000458486) 2650 69.5055 0 (0 0 0) (0 0 0)
5.830000e+02	5 (0 0.259162 0.193696 0.547143) (23.5 0.769857 1.52339) 450 33069 1 33069 0.932506 0 2823 1 -1 1 5.3e-05 0 (0.478663 -0.163051 0.0139122) 2650 76.9325 0 (0 0 0) (0 0 0)
5.830000e+02	5 (0 0.0336808 0.667855 0.298464) (23.5 0.553687 1.4072) 360 32996 2 32996 0.730241 0 5903 1 -1 1 4.3e-06 0 (0.506672 -0.0466976 -0.00527504) 2650 70.7302 0 (0 0 0) (0 0 0)
5.830000e+02	5 (0 0.570513 0.199819 0.229668) (23.5 0.596254 1.4381) 359 33003 2 33003 0.45876 0 5216 1 -1 1 6.4e-06 0 (0.492085 -0.0895383 0.00141839) 2650 71.4588 0 (0 0 0) (0 0 0)
5.830000e+02	5 (0 0.131688 0.554137 0.314175) (23.5 0.725962 1.43044) 451 33004 1 33004 0.758857 0 4676 1 -1 1 8.9e-06 0 (0.496781 -0.0827017 0.0510219) 2650 72.7589 0 (0 0 0) (0 0 0)
5.830000e+02	5 (0 0.246742 0.494282 0.258976) (23.5 0.640143 1.14431) 807 32981 1 32981 0.125313 0 6534 1 -1 1 1.3e-06 0 (0.519648 0.0736952 0.138439) 2650 68.1253 0 (0 0 0) (0 0 0)
5.830000e+02	5 (0 0.499321 0.21178 0.288898) (23.5 0.380003 1.14636) 455 32954 1 32954 0.0100879 0 6724 1 -1 1 1.3e-06 0 (0.543339 0.0278533 0.124716) 2650 68.0101 0 (0 0 0) (0 0 0)
5.830000e+02	5 (0 0.202406 0.173875 0.623719) (23.5 0.433501 1.18128) 562 32955 2 32955 0.487832 0 2363 1 -1 1 7.5e-05 0 (0.547476 0.0358296 0.0942522) 2650 77.4878 0 (0 0 0) (0 0 0)
5.830000e+02	5 (0 0.597533 0.224942 0.177525) (23.5 0.676975 1.15418) 952 32984 2 32984 0.835618 0 4017 1 -1 1 1.25e-05 0 (0.515383 0.0762782 0.142326) 2650 73.8356 0 (0 0 0) (0 0 0)
5.830000e+02	5 (0 0.125738 0.493959 0.380303) (23.5 0.649757 1.15264) 807 32981 1 32981 0.802322 0 5037 1 -1 1 6.4e-06 0 (0.519527 0.0736985 0.135411) 2650 71.8023 0 (0 0 0) (0 0 0)
5.830000e+02	5 (0 0.263922 0.17584 0.560238) (23.5 0.276805 1.2482) 283 32953 2 32953 0.238255 0 3657 1 -1 1 2.12e-05 0 (0.562052 0.00556135 0.0570654) 2650 74.2383 0 (0 0 0) (0 0 0)
5.830000e+02	5 (0 0.347673 0.102447 0.549881) (23.5 0.147398 1.4823) 30 33034 2 33034 0.515606 0 3214 1 -1 1 3.26e-05 0 (0.56808 0.00866038 0.0281098) 2650 75.5156 0 (0 0 0) (0 0 0)
5.830000e+02	5 (0 0.307045 0.0316369 0.661318) (23.5 0.144712 1.47773) 30 33034 2 33034 0.173416 0 3767 1 -1 1 2.12e-05 0 (0.568454 0.00863353 0.0324532) 2650 74.1734 0 (0 0 0) (0 0 0)
5.830000e+02	5 (0 0.33225 0.432516 0.235234) (23.5 0.153098 1.4536) 51 32963 2 32963 0.546054 0 5174 1 -1 1 6.4e-06 0 (0.567848 0.0115533 0.0522075) 2650 71.5461 0 (0 0 0) (0 0 0)
5.830000e+02	5 (0 0.243254 0.370374 0.386372) (23.5 0.174969 1.43499) 51 32963 1 32963 0.66379 0 4272 1 -1 1 1.25e-05 0 (0.5664 0.0199031 0.0497532) 2650 73.6638 0 (0 0 0) (0 0 0)
5.830000e+02	5 (0 0.234783 0.481866 0.283351) (23.5 0.175564 1.42814) 51 32963 1 32963 0.77796 0 4812 1 -1 1 8.9e-06 0 (0.566609 0.0219432 0.0522494) 2650 72.778 0 (0 0 0) (0 0 0)
5.830000e+02	5 (0 0.333034 0.313764 0.353203) (23.5 0.213645 1.31546) 159 32964 2 32964 0.202432 0 6162 1 -1 1.00001 3.3e-06 0 (0.561795 0.0208369 0.0722893) 2650 69.2024 0 (0 0 0) (0 0 0)
5.830000e+02	5 (0 0.789175 0.0616968 0.149128) (23.5 0.206331 1.34995) 114 32966 1 32966 0.286196 0 6745 1 -1 1 1.3e-06 0 (0.564019 0.0294423 0.068153) 2650 68.2862 0 (0 0 0) (0 0 0)
5.830000e+02	5 (0 0.363247 0.00802038 0.628733) (23.5 0.191883 1.384) 114 32966 2 32966 0.453061 0 6766 1 -1 1 1.3e-06 0 (0.565626 0.0320851 0.0590196) 2650 68.4531 0 (0 0 0) (0 0 0)
5.830000e+02	5 (0 0.510413 0.240457 0.249131) (23.5 0.281805 1.23047) 283 32953 2 32953 0.940356 0 2469 1 -1 1 7.5e-05 0 (0.560073 0.00201749 0.0613514) 2650 77.9404 0 (0 0 0) (0 0 0)
5.830000e+02	5 (0 0.608786 0.140106 0.251108) (23.5 0.219454 1.3571) 114 32966 1 32966 0.878079 0 4311 1 -1 1 1.25e-05 0 (0.563264 0.0262123 0.0574946) 2650 73.8781 0 (0 0 0) (0 0 0)
5.830000e+02	5 (0 0.258247 0.520636 0.221117) (23.5 0.228664 1.32089) 159 32964 2 32964 0.998064 0 3348 1 -1 1 3.26e-05 0 (0.562019 0.0201449 0.0589684) 2650 75.9981 0 (0 0 0) (0 0 0)
5.830000e+02	5 (0 0.173314 0.287938 0.538748) (23.5 0.211814 1.327) 159 32964 2 32964 0.804312 0 6751 1 -1 1 1.3e-06 0 (0.563111 0.0253163 0.069959) 2650 68.8043 0 (0 0 0) (0 0 0)
5.830000e+02	5 (0 0.270636 0.612925 0.116439) (23.5 0.235236 1.24778) 215 32952 2 32952 0.759211 0 6232 1 -1 1.00001 3.3e-06 0 (0.557031 0.000517594 0.071726) 2650 69.7592 0 (0 0 0) (0 0 0)
5.830000e+02	5 (0 0.265856 0.112113 0.622031) (23.5 0.271913 1.24807) 283 32953 2 32953 0.490222 0 3771 1 -1 1 2.12e-05 0 (0.562356 0.00506047 0.05741) 2650 74.4902 0 (0 0 0) (0 0 0)
5.830000e+02	5 (0 0.293204 0.236847 0.469949) (23.5 0.281492 1.24609) 283 32953 2 32953 0.977076 0 3661 1 -1 1 2.12e-05 0 (0.561546 0.00552359 0.0578583) 2650 74.9771 0 (0 0 0) (0 0 0)
5.830000e+02	5 (0 0.0955094 0.215554 0.688937) (23.5 0.357259 1.18864) 455 32954 2 32954 0.803389 0 6183 1 -1 1.00001 3.3e-06 0 (0.554309 0.0221341 0.092634) 2650 69.8034 0 (0 0 0) (0 0 0)
5.830000e+02	5 (0 0.563123 0.0514155 0.385462) (23.5 0.296896 1.22297) 283 32953 1 32953 0.871584 0 5331 1 -1 1 6.4e-06 0 (0.558546 0.00267421 0.0692721) 2650 71.8716 0 (0 0 0) (0 0 0)
5.830000e+02	5 (0 0.613777 0.119834 0.266389) (23.5 0.272564 1.22304) 283 32953 2 32953 0.747687 0 5831 1 -1 1 4.3e-06 0 (0.559907 -0.000660232 0.070305) 2650 70.7477 0 (0 0 0) (0 0 0)
5.830000e+02	5 (0 0.265767 0.299635 0.434599) (23.5 0.141782 1.49498) 30 33034 2 33034 0.97656 0 3195 1 -1 1 3.26e-05 0 (0.568401 0.00744495 0.0218508) 2650 75.9766 0 (0 0 0) (0 0 0)
5.830000e+02	5 (0 0.373387 0.58451 0.0421027) (23.5 0.162848 1.31251) 115 32959 2 32959 0.971341 0 2286 1 -1 1 7.5e-05 0 (0.55664 0.0257764 0.119538) 2650 77.9713 0 (0 0 0) (0 0 0)
5.840000e+02	5 (0 0.0145269 0.984302 0.00117101) (23.5 0.501168 1.539) 211 33039 2 33039 0.620556 0 6625 1 -1 1 1.3e-06 0 (0.48573 -0.138739 -1.85025e-05) 2650 69.6206 0 (0 0 0) (0 0 0)
5.840000e+02	5 (0 0.157849 0.518876 0.323275) (23.5 0.381477 1.39852) 213 32970 2 32970 0.579879 0 6666 1 -1 1 1.3e-06 0 (0.539136 -0.0176835 0.00446785) 2650 69.5799 0 (0 0 0) (0 0 0)
5.840000e+02	5 (0 0.296926 0.143691 0.559383) (23.5 0.396006 1.37873) 213 32970 1 32970 0.432445 0 4671 1 -1 1 8.9e-06 0 (0.539029 -0.0140617 0.00808982) 2650 73.4324 0 (0 0 0) (0 0 0)
5.840000e+02	5 (0 0.124065 0.627589 0.248345) (23.5 0.948019 1.07032) 1845 33057 2 33057 0.305627 0 3065 1 -1 1 3.26e-05 0 (0.444735 -0.00295459 0.190671) 2650 76.3056 0 (0 0 0) (0 0 0)
5.840000e+02	5 (0 0.246187 0.211423 0.54239) (23.5 0.400029 1.37753) 213 32970 1 32970 0.675569 0 6229 1 -1 1.00001 3.3e-06 0 (0.53865 -0.0139675 0.0085435) 2650 70.6756 0 (0 0 0) (0 0 0)
5.840000e+02	5 (0 0.355197 0.015947 0.628856) (23.5 0.551835 1.38358) 360 32996 1 32996 0.202119 0 6887 1 -1 1 1.3e-06 0 (0.510936 -0.0317442 0.00870854) 2650 69.2021 0 (0 0 0) (0 0 0)
5.840000e+02	5 (0 0.499791 0.16732 0.332888) (23.5 0.593693 1.37458) 452 32997 2 32997 0.119637 0 6888 1 -1 1 1.3e-06 0 (0.508671 -0.0230869 0.0202206) 2650 69.1196 0 (0 0 0) (0 0 0)
5.840000e+02	5 (0 0.478797 0.0505323 0.470671) (23.5 0.584444 1.37605) 452 32997 2 32997 0.857189 0 5905 1 -1 1 4.3e-06 0 (0.508443 -0.0238042 0.016073) 2650 71.8572 0 (0 0 0) (0 0 0)
5.840000e+02	5 (0 0.357423 0.0638773 0.578699) (23.5 0.585486 1.38454) 452 32997 2 32997 0.334059 0 5351 1 -1 1 6.4e-06 0 (0.506494 -0.0307613 0.0135107) 2650 72.3341 0 (0 0 0) (0 0 0)
5.840000e+02	5 (0 0.222508 0.0660037 0.711488) (23.5 0.401807 1.31867) 282 32968 1 32968 0.675225 0 4752 1 -1 1 8.9e-06 0 (0.545675 0.00501768 0.0284819) 2650 73.6752 0 (0 0 0) (0 0 0)
5.840000e+02	5 (0 0.587337 0.356456 0.0562072) (23.5 0.29548 1.41331) 113 32973 1 32973 0.0586328 0 3475 1 -1 1 3.26e-05 0 (0.550729 -0.000560825 0.0108278) 2650 76.0586 0 (0 0 0) (0 0 0)
5.840000e+02	5 (0 0.302216 0.186361 0.511423) (23.5 0.63581 1.16164) 807 32981 1 32981 0.627313 0 5018 1 -1 1 6.4e-06 0 (0.521528 0.0690653 0.134413) 2650 72.6273 0 (0 0 0) (0 0 0)
5.840000e+02	5 (0 0.62163 0.0464765 0.331893) (23.5 0.31442 1.04728) 564 33017 1 33017 0.232638 0 5143 1 -1 1 6.4e-06 0 (0.500812 0.0217672 0.17894) 2650 72.2326 0 (0 0 0) (0 0 0)
5.840000e+02	5 (0 0.560331 0.174366 0.265303) (23.5 0.306208 1.04247) 564 33017 2 33017 0.266742 0 5163 1 -1 1 6.4e-06 0 (0.495875 0.0249797 0.181086) 2650 72.2667 0 (0 0 0) (0 0 0)
5.840000e+02	5 (0 0.0114978 0.918024 0.0704778) (23.5 0.25732 1.26637) 215 32952 2 32952 0.22045 0 3747 1 -1 1 2.12e-05 0 (0.563847 0.00959024 0.0546488) 2650 75.2204 0 (0 0 0) (0 0 0)
5.840000e+02	5 (0 0.312701 0.166325 0.520974) (23.5 0.287475 1.04229) 564 33017 2 33017 0.583964 0 5271 1 -1 1 6.4e-06 0 (0.494428 0.0279059 0.177991) 2650 72.584 0 (0 0 0) (0 0 0)
5.840000e+02	5 (0 0.544609 0.0718662 0.383525) (23.5 0.310541 1.0491) 564 33017 1 33017 0.224765 0 5767 1 -1 1 4.3e-06 0 (0.502193 0.0216935 0.176987) 2650 71.2248 0 (0 0 0) (0 0 0)
5.840000e+02	5 (0 0.443594 0.0106381 0.545768) (23.5 0.384334 1.09717) 563 32948 1 32948 0.068659 0 6287 1 -1 1.00001 3.3e-06 0 (0.528662 0.0330261 0.153074) 2650 70.0687 0 (0 0 0) (0 0 0)
5.840000e+02	5 (0 0.0176464 0.350995 0.631358) (23.5 0.368172 1.12538) 563 32948 2 32948 0.121431 0 6765 1 -1 1 1.3e-06 0 (0.540557 0.0303827 0.139723) 2650 69.1214 0 (0 0 0) (0 0 0)
5.840000e+02	5 (0 0.287981 0.433519 0.278499) (23.5 0.143195 1.50361) 30 33034 2 33034 0.481373 0 3794 1 -1 1 2.12e-05 0 (0.563461 0.00561048 0.0165343) 2650 75.4814 0 (0 0 0) (0 0 0)
5.840000e+02	5 (0 0.279535 0.624621 0.0958444) (23.5 0.117454 1.522) 16 33033 1 33033 0.481757 0 4267 1 -1 1 1.25e-05 0 (0.56514 0.00129116 0.0115363) 2650 74.4818 0 (0 0 0) (0 0 0)
5.840000e+02	5 (0 0.122592 0.791233 0.0861752) (23.5 0.177227 1.46767) 51 32963 2 32963 0.739452 0 3153 1 -1 1 3.26e-05 0 (0.560893 0.0113097 0.0300896) 2650 76.7395 0 (0 0 0) (0 0 0)
5.840000e+02	5 (0 0.398939 0.40966 0.191401) (23.5 0.150661 1.5021) 30 33034 2 33034 0.710591 0 3811 1 -1 1 2.12e-05 0 (0.562731 0.0064459 0.0149387) 2650 75.7106 0 (0 0 0) (0 0 0)
5.840000e+02	5 (0 0.392413 0.235593 0.371994) (23.5 0.150325 1.49089) 30 33034 2 33034 0.335132 0 3810 1 -1 1 2.12e-05 0 (0.563021 0.00699414 0.0223623) 2650 75.3351 0 (0 0 0) (0 0 0)
5.840000e+02	5 (0 0.482652 0.325758 0.191589) (23.5 0.156332 1.49672) 30 33034 2 33034 0.901343 0 4174 1 -1 1 1.25e-05 0 (0.562274 0.00729784 0.0167478) 2650 74.9013 0 (0 0 0) (0 0 0)
5.840000e+02	5 (0 0.480582 0.259874 0.259544) (23.5 0.156232 1.49248) 30 33034 2 33034 0.815227 0 4154 1 -1 1 1.25e-05 0 (0.562381 0.00750808 0.0195482) 2650 74.8152 0 (0 0 0) (0 0 0)
5.840000e+02	5 (0 0.163142 0.76992 0.0669381) (23.5 0.175788 1.46497) 51 32963 2 32963 0.863142 0 4213 1 -1 1 1.25e-05 0 (0.561131 0.0113842 0.033971) 2650 74.8631 0 (0 0 0) (0 0 0)
5.840000e+02	5 (0 0.0615336 0.821382 0.117084) (23.5 0.187304 1.41715) 51 32963 1 32963 0.18967 0 4853 1 -1 1 8.9e-06 0 (0.562513 0.0261898 0.0469955) 2650 73.1897 0 (0 0 0) (0 0 0)
5.840000e+02	5 (0 0.388404 0.035027 0.576569) (23.5 0.165123 1.44759) 51 32963 1 32963 0.365195 0 4813 1 -1 1 8.9e-06 0 (0.562854 0.0123261 0.0530057) 2650 73.3652 0 (0 0 0) (0 0 0)
5.840000e+02	5 (0 0.573578 0.133896 0.292526) (23.5 0.222024 1.36) 114 32966 1 32966 0.813448 0 3368 1 -1 1 3.26e-05 0 (0.561485 0.0230296 0.0540376) 2650 76.8134 0 (0 0 0) (0 0 0)
5.840000e+02	5 (0 0.625379 0.106346 0.268275) (23.5 0.218258 1.3583) 114 32966 1 32966 0.410292 0 4310 1 -1 1 1.25e-05 0 (0.56182 0.0238468 0.0578456) 2650 74.4103 0 (0 0 0) (0 0 0)
5.840000e+02	5 (0 0.326344 0.123689 0.549967) (23.5 0.20028 1.3866) 114 32966 2 32966 0.121558 0 4833 1 -1 1 8.9e-06 0 (0.562384 0.0273561 0.0540517) 2650 73.1216 0 (0 0 0) (0 0 0)
5.840000e+02	5 (0 0.357228 0.587336 0.0554365) (23.5 0.167342 1.41294) 51 32963 1 32963 0.461394 0 6771 1 -1 1 1.3e-06 0 (0.564434 0.0219558 0.0660606) 2650 69.4614 0 (0 0 0) (0 0 0)
5.840000e+02	5 (0 0.191049 0.368897 0.440053) (23.5 0.217679 1.32573) 159 32964 2 32964 0.541529 0 5234 1 -1 1 6.4e-06 0 (0.562404 0.0221082 0.0662545) 2650 72.5415 0 (0 0 0) (0 0 0)
5.840000e+02	5 (0 0.0327145 0.0272159 0.94007) (23.5 0.260902 1.26289) 215 32952 1 32952 0.774604 0 3768 1 -1 1 2.12e-05 0 (0.563563 0.00885422 0.0531815) 2650 75.7746 0 (0 0 0) (0 0 0)
5.840000e+02	5 (0 0.848258 0.129696 0.022046) (23.5 0.275066 1.19685) 283 32953 1 32953 0.352311 0 5663 1 -1 1 4.3e-06 0 (0.558507 0.00117417 0.0872775) 2650 71.3523 0 (0 0 0) (0 0 0)
5.840000e+02	5 (0 0.213649 0.428293 0.358058) (23.5 0.247877 1.22106) 215 32952 1 32952 0.821852 0 6786 1 -1 1 1.3e-06 0 (0.55734 -0.000717043 0.0800771) 2650 69.8219 0 (0 0 0) (0 0 0)
5.840000e+02	5 (0 0.408143 0.347255 0.244602) (23.5 0.387229 1.14331) 455 32954 1 32954 0.0683983 0 5753 1 -1 1 4.3e-06 0 (0.543313 0.0332771 0.12665) 2650 71.0684 0 (0 0 0) (0 0 0)
5.840000e+02	5 (0 0.204375 0.370847 0.424778) (23.5 0.279067 1.02546) 681 33016 2 33016 0.879407 0 5232 1 -1 1 6.4e-06 0 (0.476364 0.0459799 0.187213) 2650 72.8794 0 (0 0 0) (0 0 0)
5.850000e+02	5 (0 0.538656 0.322922 0.138421) (23.5 0.456635 1.34924) 281 32971 1 32971 0.847295 0 2729 1 -1 1 5.3e-05 0 (0.530044 -0.00567488 0.0159574) 2650 78.8473 0 (0 0 0) (0 0 0)
5.850000e+02	5 (0 0.0918968 0.555346 0.352758) (23.5 0.652369 1.43302) 359 33003 1 33003 0.0798508 0 2488 1 -1 1 7.5e-05 0 (0.496455 -0.0822225 0.0270075) 2650 79.0799 0 (0 0 0) (0 0 0)
5.850000e+02	5 (0 0.105932 0.643352 0.250716) (23.5 0.782728 1.40204) 675 33001 2 33001 0.626776 0 3293 1 -1 1 3.26e-05 0 (0.506629 -0.0382631 0.0857043) 2650 77.6268 0 (0 0 0) (0 0 0)
5.850000e+02	5 (0 0.459052 0.00495345 0.535995) (23.5 0.775618 1.1635) 1107 32985 1 32985 0.0647696 0 3517 1 -1 1 2.12e-05 0 (0.502557 0.0723672 0.171241) 2650 76.0648 0 (0 0 0) (0 0 0)
5.850000e+02	5 (0 0.364259 0.246178 0.389563) (23.5 0.234924 1.03093) 565 33091 1 33091 0.464104 0 5768 1 -1 1 4.3e-06 0 (0.483417 0.00904975 0.167867) 2650 72.4641 0 (0 0 0) (0 0 0)
5.850000e+02	5 (0 0.506454 0.0833253 0.410221) (23.5 0.270272 1.09386) 456 32947 2 32947 0.156548 0 1723 1 -1 1 0.00011 0 (0.526807 0.0147761 0.13926) 2650 80.1565 0 (0 0 0) (0 0 0)
5.850000e+02	5 (0 0.158607 0.569413 0.271981) (23.5 0.202295 1.0519) 457 33092 2 33092 0.735743 0 5269 1 -1 1 6.4e-06 0 (0.497117 -0.0200486 0.131776) 2650 73.7357 0 (0 0 0) (0 0 0)
5.850000e+02	5 (0 0.186534 0.329201 0.484266) (23.5 0.303114 1.05755) 564 33017 1 33017 0.480702 0 6244 1 -1 1.00001 3.3e-06 0 (0.511385 0.0208797 0.171664) 2650 71.4807 0 (0 0 0) (0 0 0)
5.850000e+02	5 (0 0.34797 0.435704 0.216325) (23.5 0.374798 1.10403) 563 32948 2 32948 0.163985 0 5265 1 -1 1 6.4e-06 0 (0.532665 0.0339259 0.150911) 2650 73.164 0 (0 0 0) (0 0 0)
5.850000e+02	5 (0 0.391305 0.56861 0.0400847) (23.5 0.150055 1.51234) 30 33034 2 33034 0.222556 0 3713 1 -1 1 2.12e-05 0 (0.557874 0.00361699 0.00806909) 2650 76.2226 0 (0 0 0) (0 0 0)
5.850000e+02	5 (0 0.670226 0.163001 0.166773) (23.5 0.0439196 1.5295) 7 33098 2 33098 0.10555 0 5224 1 -1 1 6.4e-06 0 (0.5601 -0.0151396 0.00422177) 2650 73.1055 0 (0 0 0) (0 0 0)
5.850000e+02	5 (0 0.257102 0.601387 0.141511) (23.5 0.141022 1.51441) 30 33034 2 33034 0.0659105 0 4133 1 -1 1 1.25e-05 0 (0.558712 0.00266968 0.0101003) 2650 75.0659 0 (0 0 0) (0 0 0)
5.850000e+02	5 (0 0.126745 0.572101 0.301154) (23.5 0.254137 1.289) 159 32964 1 32964 0.430214 0 2275 1 -1 1 7.5e-05 0 (0.561825 0.0134684 0.0473629) 2650 79.4302 0 (0 0 0) (0 0 0)
5.850000e+02	5 (0 0.526071 0.0279206 0.446009) (23.5 0.225535 1.37075) 114 32966 1 32966 0.439704 0 2851 1 -1 1 5.3e-05 0 (0.558424 0.0181416 0.046874) 2650 78.4397 0 (0 0 0) (0 0 0)
5.850000e+02	5 (0 0.010837 0.0401924 0.948971) (23.5 0.124813 1.47819) 30 33034 2 33034 0.0714289 0 6292 1 -1 1.00001 3.3e-06 0 (0.561186 0.00298415 0.0387011) 2650 71.0714 0 (0 0 0) (0 0 0)
5.850000e+02	5 (0 0.144964 0.178816 0.67622) (23.5 0.13374 1.48716) 30 33034 2 33034 0.335681 0 4250 1 -1 1 1.25e-05 0 (0.56009 0.00336465 0.0298456) 2650 75.3357 0 (0 0 0) (0 0 0)
5.850000e+02	5 (0 0.137421 0.304583 0.557996) (23.5 0.213477 1.39984) 114 32966 2 32966 0.866611 0 4292 1 -1 1 1.25e-05 0 (0.557388 0.0201754 0.0406855) 2650 75.8666 0 (0 0 0) (0 0 0)
5.850000e+02	5 (0 0.0378721 0.751258 0.21087) (23.5 0.174665 1.40665) 79 32961 2 32961 0.110929 0 5771 1 -1 1 4.3e-06 0 (0.560614 0.021865 0.0615354) 2650 72.1109 0 (0 0 0) (0 0 0)
5.850000e+02	5 (0 0.328726 0.304166 0.367109) (23.5 0.2395 1.29379) 159 32964 1 32964 0.729348 0 3807 1 -1 1 2.12e-05 0 (0.561181 0.013286 0.0608784) 2650 76.7293 0 (0 0 0) (0 0 0)
5.850000e+02	5 (0 0.324098 0.390844 0.285058) (23.5 0.239817 1.28785) 159 32964 1 32964 0.673234 0 4694 1 -1 1 8.9e-06 0 (0.561621 0.0128742 0.0629029) 2650 74.6732 0 (0 0 0) (0 0 0)
5.850000e+02	5 (0 0.169625 0.089454 0.740921) (23.5 0.179905 1.39124) 79 32961 1 32961 0.256923 0 6233 1 -1 1.00001 3.3e-06 0 (0.560679 0.0240332 0.067625) 2650 71.2569 0 (0 0 0) (0 0 0)
5.850000e+02	5 (0 0.514827 0.268223 0.21695) (23.5 0.210296 1.30232) 159 32964 2 32964 0.121664 0 4865 1 -1 1 8.9e-06 0 (0.561714 0.0156639 0.0792344) 2650 74.1217 0 (0 0 0) (0 0 0)
5.850000e+02	5 (0 0.554632 0.208021 0.237347) (23.5 0.205921 1.29944) 159 32964 2 32964 0.509151 0 5348 1 -1 1 6.4e-06 0 (0.562012 0.0155662 0.0833456) 2650 73.5092 0 (0 0 0) (0 0 0)
5.850000e+02	5 (0 0.342934 0.135522 0.521544) (23.5 0.200719 1.31473) 159 32964 2 32964 0.442438 0 5828 1 -1 1 4.3e-06 0 (0.562918 0.0201714 0.0814669) 2650 72.4424 0 (0 0 0) (0 0 0)
5.850000e+02	5 (0 0.488251 0.062232 0.449517) (23.5 0.380863 1.15739) 455 32954 1 32954 0.613408 0 5308 1 -1 1 6.4e-06 0 (0.545734 0.0342155 0.119867) 2650 73.6134 0 (0 0 0) (0 0 0)
5.850000e+02	5 (0 0.327746 0.601911 0.0703428) (23.5 0.315179 1.06648) 456 32947 1 32947 0.822851 0 5744 1 -1 1 4.3e-06 0 (0.517461 0.0216244 0.169324) 2650 72.8229 0 (0 0 0) (0 0 0)
5.850000e+02	5 (0 0.592917 0.145846 0.261237) (23.5 0.351849 1.15448) 455 32954 2 32954 0.600827 0 6744 1 -1 1 1.3e-06 0 (0.54732 0.029364 0.121977) 2650 70.6008 0 (0 0 0) (0 0 0)
5.850000e+02	5 (0 0.0329543 0.46545 0.501596) (23.5 0.497349 1.09431) 679 32949 1 32949 0.972986 0 2842 1 -1 1 5.3e-05 0 (0.521832 0.0600294 0.150573) 2650 78.973 0 (0 0 0) (0 0 0)
5.850000e+02	5 (0 0.206566 0.0958724 0.697562) (23.5 0.0323478 1.53388) 2 33097 2 33097 0.807304 0 5133 1 -1 1 6.4e-06 0 (0.556688 -0.0127071 0.000587998) 2650 73.8073 0 (0 0 0) (0 0 0)
5.850000e+02	5 (0 0.0928321 0.808578 0.0985894) (23.5 0.129868 1.5277) 30 33034 2 33034 0.878369 0 4692 1 -1 1 8.9e-06 0 (0.559484 0.000962023 0.00555432) 2650 74.8784 0 (0 0 0) (0 0 0)
5.850000e+02	5 (0 0.526069 0.111675 0.362256) (23.5 0.0470218 1.5328) 7 33098 2 33098 0.799154 0 5333 1 -1 1 6.4e-06 0 (0.560319 -0.0149581 0.00288056) 2650 73.7992 0 (0 0 0) (0 0 0)
5.850000e+02	5 (0 0.43021 0.480917 0.0888729) (23.5 0.117996 1.51229) 16 33033 1 33033 0.680079 0 5154 1 -1 1 6.4e-06 0 (0.560577 -0.000108066 0.0174267) 2650 73.6801 0 (0 0 0) (0 0 0)
5.850000e+02	5 (0 0.505794 0.221138 0.273068) (23.5 0.138871 1.44198) 51 32963 2 32963 0.855657 0 4728 1 -1 1 8.9e-06 0 (0.561943 0.0077513 0.0664524) 2650 74.8557 0 (0 0 0) (0 0 0)
5.850000e+02	5 (0 0.168613 0.442123 0.389264) (23.5 0.327372 1.15327) 363 32951 1 32951 0.788133 0 6143 1 -1 1.00001 3.3e-06 0 (0.547687 0.0238974 0.121145) 2650 71.7881 0 (0 0 0) (0 0 0)
