# Time         currentProc " (coordinates0 coordinates1 coordinates2 coordinates3) (position0 position1 position2) celli tetFacei tetPti facei stepFraction origProc origId active typeId nParticle d dTarget (U0 U1 U2) rho age tTurb (UTurb0 UTurb1 UTurb2) (UCorrect0 UCorrect1 UCorrect2)"
6.260000e+02	5 (0 0.680524 0.213512 0.105964) (23.5 0.597371 1.36193) 452 32997 2 32997 0.615449 0 6603 1 -1 1 1.3e-06 0 (0.448892 -0.0303928 0.0170745) 2650 111.615 0 (0 0 0) (0 0 0)
6.260000e+02	5 (0 0.438378 0.30662 0.255002) (23.5 0.545146 1.4265) 280 33002 1 33002 0.409174 0 4041 1 -1 1 1.25e-05 0 (0.44451 -0.0997907 -0.00297985) 2650 116.409 0 (0 0 0) (0 0 0)
6.260000e+02	5 (0 0.038298 0.199009 0.762693) (23.5 0.583703 1.00355) 1459 33040 2 33040 0.554865 0 4290 1 -1 1 1.25e-05 0 (0.326641 0.105118 0.14308) 2650 116.555 0 (0 0 0) (0 0 0)
6.260000e+02	5 (0 0.400561 0.574676 0.024763) (23.5 0.46581 1.44939) 212 32975 2 32975 0.0324464 0 6384 1 -1 1.00001 3.3e-06 0 (0.462732 -0.108981 -0.0151365) 2650 112.032 0 (0 0 0) (0 0 0)
6.260000e+02	5 (0 0.0517422 0.552991 0.395267) (23.5 0.964256 1.51475) 947 33109 1 33109 0.364083 0 3272 1 -1 1 3.26e-05 0 (0.485015 -0.0261102 0.0535062) 2650 118.364 0 (0 0 0) (0 0 0)
6.260000e+02	5 (0 0.21428 0.532258 0.253463) (23.5 0.862166 1.21382) 1106 32992 1 32992 0.87873 0 1877 1 -1 1 0.00011 0 (0.476434 0.094217 0.229011) 2650 121.879 0 (0 0 0) (0 0 0)
6.260000e+02	5 (0 0.200197 0.399816 0.399986) (23.5 0.564316 1.08774) 808 32976 1 32976 0.986801 0 3866 1 -1 1 2.12e-05 0 (0.549159 0.15034 0.168623) 2650 117.987 0 (0 0 0) (0 0 0)
6.260000e+02	5 (0 0.00965685 0.237197 0.753146) (23.5 0.263151 1.11064) 364 32946 1 32946 0.727819 0 2805 1 -1 1 5.3e-05 0 (0.583684 0.0255919 0.113212) 2650 119.728 0 (0 0 0) (0 0 0)
6.260000e+02	5 (0 0.530335 0.240076 0.229589) (23.5 0.537792 1.14227) 678 32980 1 32980 0.166073 0 6812 1 -1 1 1.3e-06 0 (0.546738 0.117673 0.11938) 2650 111.166 0 (0 0 0) (0 0 0)
6.260000e+02	5 (0 0.165106 0.508337 0.326557) (23.5 0.567172 1.14893) 678 32980 1 32980 0.283066 0 6654 1 -1 1 1.3e-06 0 (0.538089 0.12322 0.118196) 2650 111.283 0 (0 0 0) (0 0 0)
6.260000e+02	5 (0 0.536803 0.216838 0.246359) (23.5 0.154869 1.35657) 79 32961 1 32961 0.475719 0 6511 1 -1 1 1.3e-06 0 (0.588166 0.0020603 0.0586761) 2650 111.476 0 (0 0 0) (0 0 0)
6.260000e+02	5 (0 0.256476 0.0811155 0.662408) (23.5 0.320431 1.31515) 214 32965 1 32965 0.461697 0 2953 1 -1 1 5.3e-05 0 (0.550749 0.00517408 -0.0077488) 2650 119.462 0 (0 0 0) (0 0 0)
6.260000e+02	5 (0 0.353521 0.54688 0.0995993) (23.5 0.238324 1.41612) 78 32972 1 32972 0.18049 0 4503 1 -1 1 8.9e-06 0 (0.551138 -0.0183681 -0.00556274) 2650 115.18 0 (0 0 0) (0 0 0)
6.260000e+02	5 (0 0.348197 0.458044 0.193759) (23.5 0.298817 1.38521) 158 32967 2 32967 0.468224 0 3442 1 -1 1 3.26e-05 0 (0.540112 -0.0183195 -0.0155265) 2650 118.468 0 (0 0 0) (0 0 0)
6.270000e+02	5 (0 0.630707 0.043398 0.325895) (23.5 0.583986 1.22175) 677 32983 2 32983 0.0327166 0 5212 1 -1 1 6.4e-06 0 (0.508732 0.0812105 0.0485635) 2650 115.033 0 (0 0 0) (0 0 0)
6.270000e+02	5 (0 0.5797 0.033616 0.386684) (23.5 0.662305 1.15539) 952 32984 2 32984 0.519096 0 6753 1 -1 1 1.3e-06 0 (0.511457 0.142166 0.129435) 2650 112.519 0 (0 0 0) (0 0 0)
6.270000e+02	5 (0 0.0144666 0.889124 0.0964092) (23.5 0.0397549 1.47699) 7 33098 1 33098 0.899197 0 6742 1 -1 1 1.3e-06 0 (0.577628 -0.0131194 0.0106992) 2650 112.899 0 (0 0 0) (0 0 0)
6.270000e+02	5 (0 0.155413 0.363217 0.481369) (23.5 0.0697299 1.49898) 16 33033 2 33033 0.857946 0 4322 1 -1 1 1.25e-05 0 (0.57754 -0.0153296 0.00845135) 2650 117.858 0 (0 0 0) (0 0 0)
6.280000e+02	5 (0 0.544 0.383795 0.0722051) (23.5 0.654514 1.04909) 1109 33042 1 33042 0.792544 0 3212 1 -1 1 3.26e-05 0 (0.530169 0.187398 0.196475) 2650 120.793 0 (0 0 0) (0 0 0)
6.280000e+02	5 (0 0.439318 0.257177 0.303505) (23.5 0.787696 1.51184) 450 33069 1 33069 0.654032 0 5891 1 -1 1 4.3e-06 0 (0.443673 -0.162212 0.0432344) 2650 115.654 0 (0 0 0) (0 0 0)
6.280000e+02	5 (0 0.153012 0.494568 0.352421) (23.5 0.965552 1.3842) 1271 33072 1 33072 0.716111 0 3690 1 -1 1 2.12e-05 0 (0.447506 -0.00305706 0.258774) 2650 119.716 0 (0 0 0) (0 0 0)
6.280000e+02	5 (0 0.158488 0.168773 0.672739) (23.5 0.797181 1.45416) 558 33005 1 33005 0.584771 0 4406 1 -1 1 1.25e-05 0 (0.43201 -0.114371 0.103186) 2650 118.585 0 (0 0 0) (0 0 0)
6.280000e+02	5 (0 0.211698 0.678242 0.11006) (23.5 0.20533 1.03183) 565 33091 2 33091 0.455791 0 5736 1 -1 1 4.3e-06 0 (0.553706 0.00916462 0.155024) 2650 115.456 0 (0 0 0) (0 0 0)
6.280000e+02	5 (0 0.381049 0.379953 0.238999) (23.5 0.469357 1.14291) 562 32955 1 32955 0.431912 0 6885 1 -1 1 1.3e-06 0 (0.56226 0.0815748 0.0921469) 2650 113.432 0 (0 0 0) (0 0 0)
6.280000e+02	5 (0 0.766613 0.114431 0.118956) (23.5 0.589519 1.14253) 807 32981 2 32981 0.830061 0 4904 1 -1 1 8.9e-06 0 (0.53406 0.124896 0.103107) 2650 117.83 0 (0 0 0) (0 0 0)
6.280000e+02	5 (0 0.744349 0.204527 0.0511241) (23.5 0.279406 1.14413) 363 32951 2 32951 0.553678 0 6101 1 -1 1.00001 3.3e-06 0 (0.580668 0.00494828 0.081057) 2650 114.554 0 (0 0 0) (0 0 0)
6.280000e+02	5 (0 0.319108 0.319811 0.36108) (23.5 0.634436 1.15132) 807 32981 1 32981 0.0921145 0 6411 1 -1 1.00001 3.3e-06 0 (0.51836 0.133751 0.109) 2650 114.092 0 (0 0 0) (0 0 0)
6.280000e+02	5 (0 0.233947 0.647392 0.118661) (23.5 0.631864 1.17913) 807 32981 2 32981 0.832278 0 6773 1 -1 1 1.3e-06 0 (0.5092 0.116709 0.0839456) 2650 113.832 0 (0 0 0) (0 0 0)
6.280000e+02	5 (0 0.579923 0.275934 0.144143) (23.5 0.361971 1.29757) 282 32968 2 32968 0.78818 0 6964 1 -1 1 1.3e-06 0 (0.56211 0.00460049 -0.0102413) 2650 113.788 0 (0 0 0) (0 0 0)
6.290000e+02	5 (0 0.720369 0.144424 0.135207) (23.5 0.977047 1.25719) 1644 33062 1 33062 0.469057 0 2269 1 -1 1 7.5e-05 0 (0.448933 0.0209278 0.29037) 2650 123.469 0 (0 0 0) (0 0 0)
6.290000e+02	5 (0 0.333511 0.535302 0.131187) (23.5 0.382688 1.17229) 455 32954 2 32954 0.341069 0 6828 1 -1 1 1.3e-06 0 (0.577053 0.0321584 0.0621159) 2650 114.341 0 (0 0 0) (0 0 0)
6.290000e+02	5 (0 0.542778 0.411576 0.0456466) (23.5 0.452676 1.1579) 562 32955 2 32955 0.76204 0 4730 1 -1 1 8.9e-06 0 (0.565046 0.0619439 0.0717644) 2650 118.762 0 (0 0 0) (0 0 0)
6.290000e+02	5 (0 0.222788 0.566735 0.210477) (23.5 0.48206 1.21031) 454 32957 1 32957 0.176918 0 3887 1 -1 1 2.12e-05 0 (0.55285 0.0503772 0.0227042) 2650 120.177 0 (0 0 0) (0 0 0)
6.290000e+02	5 (0 0.348358 0.276871 0.374771) (23.5 0.632268 1.22216) 677 32983 1 32983 0.349763 0 6289 1 -1 1.00001 3.3e-06 0 (0.493739 0.0841737 0.041021) 2650 115.35 0 (0 0 0) (0 0 0)
6.290000e+02	5 (0 0.0816777 0.392046 0.526276) (23.5 0.185299 1.23326) 160 32945 1 32945 0.131969 0 1521 1 -1 1 0.00011 0 (0.588666 0.00129004 0.0780595) 2650 124.132 0 (0 0 0) (0 0 0)
6.290000e+02	5 (0 0.553235 0.431072 0.015693) (23.5 0.37561 1.34068) 213 32970 1 32970 0.0596011 0 6921 1 -1 1 1.3e-06 0 (0.56045 -0.00811941 -0.0275653) 2650 114.06 0 (0 0 0) (0 0 0)
6.290000e+02	5 (0 0.259822 0.0567562 0.683422) (23.5 0.267781 1.32079) 214 32965 2 32965 0.0500138 0 3938 1 -1 1 2.12e-05 0 (0.587086 0.00278389 0.00285801) 2650 120.05 0 (0 0 0) (0 0 0)
6.290000e+02	5 (0 0.308613 0.618298 0.0730889) (23.5 0.241142 1.34468) 114 32966 1 32966 0.603941 0 5320 1 -1 1 6.4e-06 0 (0.588035 0.00503368 0.0115849) 2650 117.604 0 (0 0 0) (0 0 0)
6.300000e+02	5 (0 0.165708 0.747799 0.086493) (23.5 0.985891 1.53452) 1102 33108 1 33108 0.674877 0 4294 1 -1 1 1.25e-05 0 (0.456901 -0.0118996 0.0136508) 2650 120.675 0 (0 0 0) (0 0 0)
6.300000e+02	5 (0 0.899814 0.0328901 0.0672959) (23.5 0.739098 1.27444) 805 32999 2 32999 0.756222 0 3324 1 -1 1 3.26e-05 0 (0.432959 0.0629692 0.0749504) 2650 122.756 0 (0 0 0) (0 0 0)
6.300000e+02	5 (0 0.681986 0.16203 0.155984) (23.5 0.830415 1.35029) 804 33008 1 33008 0.963974 0 5272 1 -1 1 6.4e-06 0 (0.40566 0.0051696 0.169986) 2650 118.964 0 (0 0 0) (0 0 0)
6.300000e+02	5 (0 0.632958 0.271729 0.0953131) (23.5 0.680338 1.43396) 451 33004 2 33004 0.94385 0 2884 1 -1 1 5.3e-05 0 (0.416016 -0.134583 0.0198892) 2650 123.944 0 (0 0 0) (0 0 0)
6.300000e+02	5 (0 0.0690568 0.466362 0.464581) (23.5 0.457038 1.19043) 562 32955 2 32955 0.00574553 0 3407 1 -1 1 3.26e-05 0 (0.56762 0.0455988 0.0342481) 2650 122.006 0 (0 0 0) (0 0 0)
6.300000e+02	5 (0 0.807724 0.00831514 0.18396) (23.5 0.278493 1.13921) 363 32951 1 32951 0.240433 0 5714 1 -1 1 4.3e-06 0 (0.582307 -0.00668521 0.0845855) 2650 117.24 0 (0 0 0) (0 0 0)
6.300000e+02	5 (0 0.52634 0.443449 0.030211) (23.5 0.297648 1.15909) 363 32951 2 32951 0.162939 0 2996 1 -1 1 5.3e-05 0 (0.585 -0.00189328 0.0669435) 2650 123.163 0 (0 0 0) (0 0 0)
6.300000e+02	5 (0 0.0745793 0.839833 0.0855878) (23.5 0.327876 1.19009) 363 32951 2 32951 0.861334 0 3493 1 -1 1 3.26e-05 0 (0.589187 0.00587863 0.0448592) 2650 122.861 0 (0 0 0) (0 0 0)
6.300000e+02	5 (0 0.675446 0.176321 0.148233) (23.5 0.594538 1.29064) 560 32995 2 32995 0.642469 0 4923 1 -1 1 8.9e-06 0 (0.486076 0.0205814 -0.0164799) 2650 119.642 0 (0 0 0) (0 0 0)
