# Time         currentProc " (coordinates0 coordinates1 coordinates2 coordinates3) (position0 position1 position2) celli tetFacei tetPti facei stepFraction origProc origId active typeId nParticle d dTarget (U0 U1 U2) rho age tTurb (UTurb0 UTurb1 UTurb2) (UCorrect0 UCorrect1 UCorrect2)"
6.260000e+02	1 (0 0.273045 0.487017 0.239938) (23.5 0.0543052 1.07712) 132 22796 1 22796 0.257124 5 9485 1 -1 1 8.9e-06 0 (0.386067 -0.0078518 0.0276671) 2650 115.257 0 (0 0 0) (0 0 0)
6.260000e+02	1 (0 0.169093 0.268165 0.562742) (23.5 0.615582 1.03383) 166 22822 1 22822 0.104404 5 11755 1 -1 1 4.3e-06 0 (0.405843 -0.00763141 0.0191376) 2650 113.104 0 (0 0 0) (0 0 0)
6.260000e+02	1 (0 0.196607 0.0618014 0.741591) (23.5 0.740946 1.18154) 431 22746 2 22746 0.0858893 5 12107 1 -1 1 4.3e-06 0 (0.431059 -0.00526075 0.00977945) 2650 113.086 0 (0 0 0) (0 0 0)
6.260000e+02	1 (0 0.459694 0.130538 0.409767) (23.5 0.543442 1.08766) 439 22739 1 22739 0.0959022 5 10090 1 -1 1 8.9e-06 0 (0.42451 -0.0122824 0.0144269) 2650 115.096 0 (0 0 0) (0 0 0)
6.260000e+02	1 (0 0.115187 0.338996 0.545817) (23.5 0.536577 1.53264) 367 22857 1 22857 0.574485 5 10061 1 -1 1 8.9e-06 0 (0.430034 0.0101987 -0.000226211) 2650 115.574 0 (0 0 0) (0 0 0)
6.260000e+02	1 (0 0.353626 0.0422495 0.604125) (23.5 0.422876 1.31408) 403 22730 2 22730 0.0816627 5 4436 1 -1 1 7.5e-05 0 (0.42552 -0.00164809 -0.00436241) 2650 120.082 0 (0 0 0) (0 0 0)
6.260000e+02	1 (0 0.0777752 0.515601 0.406624) (23.5 0.621236 1.12096) 438 22740 2 22740 0.218866 5 9522 1 -1 1 8.9e-06 0 (0.428662 -0.00918908 0.0124364) 2650 115.219 0 (0 0 0) (0 0 0)
6.260000e+02	1 (0 0.258565 0.251911 0.489523) (23.5 0.54106 1.0549) 164 22820 1 22820 0.592014 5 9491 1 -1 1 8.9e-06 0 (0.418689 -0.0121873 0.0169493) 2650 115.592 0 (0 0 0) (0 0 0)
6.260000e+02	1 (0 0.48776 0.0814507 0.43079) (23.5 0.665973 1.16137) 430 22745 2 22745 0.242199 5 11729 1 -1 1 4.3e-06 0 (0.431216 -0.00721631 0.0101712) 2650 113.242 0 (0 0 0) (0 0 0)
6.260000e+02	1 (0 0.0191309 0.112954 0.867915) (23.5 0.199143 1.19393) 424 22709 2 22709 0.566723 5 9281 1 -1 1 8.9e-06 0 (0.415835 -0.012715 0.0211854) 2650 115.567 0 (0 0 0) (0 0 0)
6.260000e+02	1 (0 0.0277624 0.96625 0.0059874) (23.5 0.814005 1.53783) 363 22777 2 22777 0.342401 5 12246 1 -1 1 4.3e-06 0 (0.433363 -0.00167076 2.9077e-05) 2650 113.342 0 (0 0 0) (0 0 0)
6.260000e+02	1 (0 0.0701276 0.363061 0.566811) (23.5 0.654113 1.37944) 390 22760 1 22760 0.924019 5 9901 1 -1 1 8.9e-06 0 (0.438107 -0.000503718 0.000301979) 2650 115.924 0 (0 0 0) (0 0 0)
6.260000e+02	1 (0 0.135324 0.390975 0.473701) (23.5 0.611434 1.46715) 381 22762 2 22762 0.78809 5 12170 1 -1 1 4.3e-06 0 (0.437022 0.0040724 -0.00104905) 2650 113.788 0 (0 0 0) (0 0 0)
6.260000e+02	1 (0 0.309945 0.0618333 0.628222) (23.5 0.786705 1.24046) 412 22756 1 22756 0.737895 5 11883 1 -1 1 4.3e-06 0 (0.431595 -0.00402851 0.00759041) 2650 113.738 0 (0 0 0) (0 0 0)
6.260000e+02	1 (0 0.310319 0.245062 0.444619) (23.5 0.678565 1.17363) 430 22745 2 22745 0.427596 5 11694 1 -1 1 4.3e-06 0 (0.431732 -0.00677497 0.00953653) 2650 113.428 0 (0 0 0) (0 0 0)
6.270000e+02	1 (0 0.191507 0.787075 0.0214182) (23.5 0.0337067 1.12842) 130 22804 1 22804 0.440182 5 9675 1 -1 1 8.9e-06 0 (0.387106 -0.00527023 0.0312634) 2650 116.44 0 (0 0 0) (0 0 0)
6.270000e+02	1 (0 0.181671 0.542318 0.276012) (23.5 0.0564852 1.42722) 119 22841 1 22841 0.900602 5 9888 1 -1 1 8.9e-06 0 (0.388276 0.00723497 0.0245532) 2650 116.901 0 (0 0 0) (0 0 0)
6.270000e+02	1 (0 0.206706 0.651329 0.141965) (23.5 0.866816 1.0333) 175 22831 1 22831 0.567358 5 10057 1 -1 1 8.9e-06 0 (0.392938 0.00349851 0.0202324) 2650 116.567 0 (0 0 0) (0 0 0)
6.270000e+02	1 (0 0.0258197 0.352506 0.621674) (23.5 0.608378 1.47442) 381 22762 2 22762 0.065344 5 12202 1 -1 1 4.3e-06 0 (0.43657 0.00536996 -0.00102333) 2650 114.065 0 (0 0 0) (0 0 0)
6.270000e+02	1 (0 0.353005 0.114647 0.532348) (23.5 0.695516 1.05269) 170 22826 1 22826 0.133241 5 10088 1 -1 1 8.9e-06 0 (0.417174 -0.00578878 0.017497) 2650 116.133 0 (0 0 0) (0 0 0)
6.270000e+02	1 (0 0.462215 0.220337 0.317448) (23.5 0.517716 1.09597) 439 22739 2 22739 0.0290093 5 9586 1 -1 1 8.9e-06 0 (0.424774 -0.0138333 0.0138672) 2650 116.029 0 (0 0 0) (0 0 0)
6.270000e+02	1 (0 0.103898 0.722267 0.173835) (23.5 0.558059 1.46923) 380 22761 2 22761 0.401541 5 11821 1 -1 1 4.3e-06 0 (0.43289 0.0076643 -0.00157811) 2650 114.402 0 (0 0 0) (0 0 0)
6.270000e+02	1 (0 0.34698 0.35169 0.30133) (23.5 0.367102 1.49859) 369 22855 2 22855 0.384659 5 11584 1 -1 1 4.3e-06 0 (0.403304 0.022316 -0.00111449) 2650 114.385 0 (0 0 0) (0 0 0)
6.270000e+02	1 (0 0.216847 0.0307858 0.752368) (23.5 0.738689 1.18013) 431 22746 2 22746 0.275174 5 9555 1 -1 1 8.9e-06 0 (0.431674 -0.00575808 0.00945748) 2650 116.275 0 (0 0 0) (0 0 0)
6.270000e+02	1 (0 0.147941 0.712015 0.140044) (23.5 0.488106 1.07014) 440 22712 1 22712 0.421278 5 9649 1 -1 1 8.9e-06 0 (0.421449 -0.0154217 0.0156858) 2650 116.421 0 (0 0 0) (0 0 0)
6.270000e+02	1 (0 0.068322 0.831634 0.100044) (23.5 0.327122 1.26229) 418 22724 2 22724 0.543492 5 9312 1 -1 1 8.9e-06 0 (0.42025 -0.00725757 0.00752409) 2650 116.543 0 (0 0 0) (0 0 0)
6.270000e+02	1 (0 0.575226 0.12342 0.301353) (23.5 0.745265 1.36947) 388 22764 2 22764 0.348127 5 12051 1 -1 1 4.3e-06 0 (0.43739 -0.0016822 0.00182303) 2650 114.348 0 (0 0 0) (0 0 0)
6.270000e+02	1 (0 0.145327 0.720461 0.134212) (23.5 0.725305 1.34916) 389 22763 1 22763 0.279806 5 10194 1 -1 1 8.9e-06 0 (0.43758 -0.00192479 0.00193446) 2650 116.28 0 (0 0 0) (0 0 0)
6.270000e+02	1 (0 0.132529 0.12929 0.73818) (23.5 0.669759 1.33015) 406 22757 2 22757 0.6591 5 4746 1 -1 1 7.5e-05 0 (0.437648 -0.00205292 -0.00293334) 2650 121.659 0 (0 0 0) (0 0 0)
6.270000e+02	1 (0 0.204491 0.582675 0.212833) (23.5 0.926796 1.28263) 409 22770 1 22770 0.959998 5 2749 1 -1 1 0.00015 0 (0.414007 -0.00186251 -0.00633627) 2650 123.96 0 (0 0 0) (0 0 0)
6.270000e+02	1 (0 0.173279 0.660128 0.166593) (23.5 0.864892 1.20748) 411 22767 1 22767 0.438122 5 4197 1 -1 1 7.5e-05 0 (0.424715 -0.00310983 0.00588441) 2650 121.438 0 (0 0 0) (0 0 0)
6.270000e+02	1 (0 0.212937 0.181504 0.60556) (23.5 0.563268 1.44994) 380 22761 1 22761 0.575631 5 11884 1 -1 1 4.3e-06 0 (0.433888 0.00621444 -0.0015854) 2650 114.576 0 (0 0 0) (0 0 0)
6.270000e+02	1 (0 0.0935893 0.593426 0.312985) (23.5 0.572863 1.43053) 380 22761 1 22761 0.959579 5 11727 1 -1 1 4.3e-06 0 (0.434925 0.00491644 -0.00147969) 2650 114.96 0 (0 0 0) (0 0 0)
6.270000e+02	1 (0 0.476391 0.0125335 0.511076) (23.5 0.501008 1.09505) 439 22739 2 22739 0.538431 5 9617 1 -1 1 8.9e-06 0 (0.424373 -0.0144011 0.0139062) 2650 116.538 0 (0 0 0) (0 0 0)
6.270000e+02	1 (0 0.00978238 0.605555 0.384663) (23.5 0.548677 1.47547) 380 22761 2 22761 0.915085 5 11725 1 -1 1 4.3e-06 0 (0.431552 0.00872398 -0.00164156) 2650 114.915 0 (0 0 0) (0 0 0)
6.270000e+02	1 (0 0.192909 0.379602 0.427489) (23.5 0.484457 1.29819) 403 22730 1 22730 0.548709 5 4524 1 -1 1 7.5e-05 0 (0.430325 -0.00296683 -0.00357739) 2650 121.549 0 (0 0 0) (0 0 0)
6.280000e+02	1 (0 0.610307 0.10872 0.280974) (23.5 0.707238 1.00069) 168 22824 2 22824 0.494505 5 11860 1 -1 1 4.3e-06 0 (0.220566 -0.00199536 0.0117385) 2650 115.495 0 (0 0 0) (0 0 0)
6.280000e+02	1 (0 0.729394 0.102416 0.16819) (23.5 0.0195328 1.42701) 118 22840 2 22840 0.0269965 5 4117 1 -1 1 7.5e-05 0 (0.346171 0.00265608 0.0193769) 2650 122.027 0 (0 0 0) (0 0 0)
6.280000e+02	1 (0 0.817669 0.0252617 0.15707) (23.5 0.0417892 1.41922) 119 22841 1 22841 0.47103 5 4372 1 -1 1 7.5e-05 0 (0.38134 0.00522698 0.0224302) 2650 122.471 0 (0 0 0) (0 0 0)
6.280000e+02	1 (0 0.542573 0.266602 0.190825) (23.5 0.905305 1.35263) 386 22772 1 22772 0.0755212 5 12209 1 -1 1 4.3e-06 0 (0.422451 -0.00180504 0.00479585) 2650 115.076 0 (0 0 0) (0 0 0)
6.280000e+02	1 (0 0.334137 0.202058 0.463805) (23.5 0.526859 1.48903) 367 22857 2 22857 0.128168 5 9993 1 -1 1 8.9e-06 0 (0.427938 0.0114492 -0.00138354) 2650 117.128 0 (0 0 0) (0 0 0)
6.280000e+02	1 (0 0.263234 0.0602118 0.676554) (23.5 0.398695 1.38711) 393 22735 1 22735 0.572165 5 9678 1 -1 1 8.9e-06 0 (0.417315 0.00772522 -0.0006697) 2650 117.572 0 (0 0 0) (0 0 0)
6.280000e+02	1 (0 0.109992 0.843156 0.0468527) (23.5 0.93277 1.27066) 409 22770 1 22770 0.54758 5 2054 1 -1 1 0.00015 0 (0.413565 -0.00189572 -0.00654566) 2650 124.548 0 (0 0 0) (0 0 0)
6.280000e+02	1 (0 0.852071 0.0348771 0.113052) (23.5 0.818945 1.34751) 387 22771 1 22771 0.843813 5 9857 1 -1 1 8.9e-06 0 (0.434796 -0.0021542 0.00303853) 2650 117.844 0 (0 0 0) (0 0 0)
6.280000e+02	1 (0 0.547948 0.297076 0.154976) (23.5 0.905178 1.27847) 409 22770 1 22770 0.757451 5 4439 1 -1 1 7.5e-05 0 (0.420696 -0.00229653 0.0030509) 2650 122.757 0 (0 0 0) (0 0 0)
6.280000e+02	1 (0 0.0832892 0.61625 0.300461) (23.5 0.85063 1.33348) 408 22769 2 22769 0.895892 5 12075 1 -1 1 4.3e-06 0 (0.431664 -0.00225764 0.00413503) 2650 115.896 0 (0 0 0) (0 0 0)
6.280000e+02	1 (0 0.51226 0.412284 0.0754561) (23.5 0.841901 1.3448) 387 22771 1 22771 0.993567 5 9890 1 -1 1 8.9e-06 0 (0.432665 -0.00212712 0.00355258) 2650 117.994 0 (0 0 0) (0 0 0)
6.280000e+02	1 (0 0.0938629 0.129269 0.776868) (23.5 0.729349 1.32358) 406 22757 1 22757 0.744555 5 11872 1 -1 1 4.3e-06 0 (0.437665 -0.00239707 0.00266297) 2650 115.745 0 (0 0 0) (0 0 0)
6.280000e+02	1 (0 0.116387 0.245152 0.638461) (23.5 0.599853 1.4684) 381 22762 2 22762 0.931037 5 11776 1 -1 1 4.3e-06 0 (0.435736 0.0064014 -0.0010468) 2650 115.931 0 (0 0 0) (0 0 0)
6.280000e+02	1 (0 0.153205 0.313841 0.532954) (23.5 0.683913 1.32865) 406 22757 2 22757 0.762629 5 12104 1 -1 1 4.3e-06 0 (0.437803 -0.00186517 0.00192023) 2650 115.763 0 (0 0 0) (0 0 0)
6.280000e+02	1 (0 0.707265 0.194191 0.0985443) (23.5 0.652508 1.04426) 165 22823 1 22823 0.840433 5 4458 1 -1 1 7.5e-05 0 (0.414055 -0.0084924 0.0136573) 2650 122.84 0 (0 0 0) (0 0 0)
6.280000e+02	1 (0 0.0363352 0.587392 0.376273) (23.5 0.577606 1.22216) 415 22751 1 22751 0.601024 5 4722 1 -1 1 7.5e-05 0 (0.433308 -0.00739072 0.00107058) 2650 122.601 0 (0 0 0) (0 0 0)
6.280000e+02	1 (0 0.480809 0.481856 0.0373343) (23.5 0.541736 1.41222) 380 22761 1 22761 0.947568 5 9744 1 -1 1 8.9e-06 0 (0.431567 0.00601651 -0.00179063) 2650 117.948 0 (0 0 0) (0 0 0)
6.290000e+02	1 (0 0.471589 0.385021 0.143389) (23.5 0.0250679 1.23292) 127 22807 2 22807 0.0646633 5 4547 1 -1 1 7.5e-05 0 (0.375524 -0.00200274 0.0317399) 2650 123.065 0 (0 0 0) (0 0 0)
6.290000e+02	1 (0 0.135641 0.676177 0.188182) (23.5 0.111365 1.53128) 373 22842 1 22842 0.897475 5 11325 1 -1 1 4.3e-06 0 (0.380434 0.0177307 0.00171952) 2650 116.897 0 (0 0 0) (0 0 0)
6.290000e+02	1 (0 0.498719 0.104262 0.397019) (23.5 0.907788 1.43554) 385 22774 1 22774 0.114261 5 9673 1 -1 1 8.9e-06 0 (0.423705 -0.00113172 0.001804) 2650 118.114 0 (0 0 0) (0 0 0)
6.290000e+02	1 (0 0.0423755 0.717432 0.240192) (23.5 0.936633 1.42485) 385 22774 1 22774 0.137965 5 12073 1 -1 1 4.3e-06 0 (0.416851 -0.00112092 0.00265491) 2650 116.138 0 (0 0 0) (0 0 0)
6.290000e+02	1 (0 0.515569 0.403604 0.0808275) (23.5 0.841675 1.34518) 387 22771 1 22771 0.0767523 5 12146 1 -1 1 4.3e-06 0 (0.434063 -0.00186055 0.00313458) 2650 116.077 0 (0 0 0) (0 0 0)
6.290000e+02	1 (0 0.366841 0.016316 0.616843) (23.5 0.0519588 1.31171) 125 22835 1 22835 0.945316 5 9803 1 -1 1 8.9e-06 0 (0.397229 -0.000155318 0.0346269) 2650 118.945 0 (0 0 0) (0 0 0)
6.290000e+02	1 (0 0.0335934 0.468582 0.497825) (23.5 0.57774 1.37459) 391 22759 1 22759 0.0547714 5 9713 1 -1 1 8.9e-06 0 (0.434564 0.00292898 -0.000420799) 2650 118.055 0 (0 0 0) (0 0 0)
6.290000e+02	1 (0 0.161838 0.273038 0.565124) (23.5 0.567408 1.3793) 391 22759 1 22759 0.277147 5 9696 1 -1 1 8.9e-06 0 (0.433807 0.00339413 -0.000589983) 2650 118.277 0 (0 0 0) (0 0 0)
6.290000e+02	1 (0 0.2123 0.180301 0.607399) (23.5 0.517066 1.48763) 367 22857 2 22857 0.00716969 5 11757 1 -1 1 4.3e-06 0 (0.425901 0.012941 -0.00132304) 2650 116.007 0 (0 0 0) (0 0 0)
6.290000e+02	1 (0 0.0245054 0.382199 0.593296) (23.5 0.371318 1.53843) 369 22855 1 22855 0.376136 5 11987 1 -1 1 4.3e-06 0 (0.401317 0.0251562 -6.29438e-05) 2650 116.376 0 (0 0 0) (0 0 0)
6.290000e+02	1 (0 0.486108 0.317225 0.196667) (23.5 0.621305 1.20921) 414 22752 1 22752 0.250923 5 4882 1 -1 1 7.5e-05 0 (0.433592 -0.00762317 0.00222973) 2650 123.251 0 (0 0 0) (0 0 0)
6.290000e+02	1 (0 0.417091 0.338526 0.244383) (23.5 0.527274 1.23707) 415 22751 2 22751 0.028678 5 5011 1 -1 1 7.5e-05 0 (0.43141 -0.00707758 0.000398996) 2650 123.029 0 (0 0 0) (0 0 0)
6.290000e+02	1 (0 0.42241 0.513395 0.0641952) (23.5 0.65567 1.51302) 366 22858 1 22858 0.945934 5 9877 1 -1 1 8.9e-06 0 (0.438588 0.00556653 -0.000270146) 2650 118.946 0 (0 0 0) (0 0 0)
6.290000e+02	1 (0 0.220532 0.0212488 0.758219) (23.5 0.661245 1.39433) 389 22763 2 22763 0.773432 5 12245 1 -1 1 4.3e-06 0 (0.438583 0.00186205 0.000164935) 2650 116.773 0 (0 0 0) (0 0 0)
6.290000e+02	1 (0 0.344068 0.258969 0.396963) (23.5 0.679469 1.38568) 389 22763 2 22763 0.589196 5 9641 1 -1 1 8.9e-06 0 (0.438728 0.000996317 0.000461579) 2650 118.589 0 (0 0 0) (0 0 0)
6.290000e+02	1 (0 0.401129 0.525091 0.0737798) (23.5 0.62782 1.41466) 381 22762 1 22762 0.697469 5 9932 1 -1 1 8.9e-06 0 (0.437055 0.00383288 -0.000609276) 2650 118.697 0 (0 0 0) (0 0 0)
6.290000e+02	1 (0 0.48139 0.119986 0.398624) (23.5 0.699686 1.29614) 406 22757 1 22757 0.758407 5 4690 1 -1 1 7.5e-05 0 (0.437385 -0.0030736 -0.0014096) 2650 123.758 0 (0 0 0) (0 0 0)
6.290000e+02	1 (0 0.247256 0.737696 0.0150481) (23.5 0.858986 1.2495) 411 22767 2 22767 0.682995 5 12074 1 -1 1 4.3e-06 0 (0.429625 -0.00334934 0.00695285) 2650 116.683 0 (0 0 0) (0 0 0)
6.290000e+02	1 (0 0.445401 0.31526 0.239339) (23.5 0.83044 1.23522) 411 22767 2 22767 0.705355 5 4335 1 -1 1 7.5e-05 0 (0.431508 -0.00393007 0.00246904) 2650 123.705 0 (0 0 0) (0 0 0)
6.290000e+02	1 (0 0.109486 0.622976 0.267538) (23.5 0.800784 1.14474) 431 22746 1 22746 0.455294 5 10093 1 -1 1 8.9e-06 0 (0.428434 -0.00549703 0.0115451) 2650 118.455 0 (0 0 0) (0 0 0)
6.290000e+02	1 (0 0.56106 0.143878 0.295062) (23.5 0.535291 1.08021) 439 22739 1 22739 0.780168 5 12199 1 -1 1 4.3e-06 0 (0.422681 -0.0148322 0.0152576) 2650 116.78 0 (0 0 0) (0 0 0)
6.290000e+02	1 (0 0.533562 0.333067 0.133371) (23.5 0.685259 1.15823) 430 22745 2 22745 0.794631 5 9460 1 -1 1 8.9e-06 0 (0.431537 -0.00837364 0.0102102) 2650 118.795 0 (0 0 0) (0 0 0)
6.290000e+02	1 (0 0.104562 0.721714 0.173725) (23.5 0.332031 1.27982) 401 22726 1 22726 0.717166 5 11298 1 -1 1 4.3e-06 0 (0.418507 -0.00457381 0.00735987) 2650 116.717 0 (0 0 0) (0 0 0)
6.300000e+02	1 (0 0.727959 0.207285 0.0647556) (23.5 0.956328 1.33506) 198 22780 1 22780 0.287547 5 11594 1 -1 1 4.3e-06 0 (0.403698 -0.00104195 0.00553821) 2650 117.288 0 (0 0 0) (0 0 0)
6.300000e+02	1 (0 0.703609 0.144264 0.152127) (23.5 0.670787 1.36051) 389 22763 2 22763 0.109166 5 10178 1 -1 1 8.9e-06 0 (0.43831 0.000755255 0.000927089) 2650 119.109 0 (0 0 0) (0 0 0)
6.300000e+02	1 (0 0.0669264 0.153249 0.779824) (23.5 0.935459 1.2515) 410 22768 1 22768 0.388682 5 11986 1 -1 1 4.3e-06 0 (0.414765 -0.00211802 0.00820193) 2650 117.389 0 (0 0 0) (0 0 0)
6.300000e+02	1 (0 0.472418 0.292487 0.235095) (23.5 0.641999 1.02757) 166 22822 1 22822 0.718992 5 11918 1 -1 1 4.3e-06 0 (0.396342 -0.0102739 0.0192499) 2650 117.719 0 (0 0 0) (0 0 0)
6.300000e+02	1 (0 0.312196 0.16871 0.519094) (23.5 0.458229 1.03087) 160 22816 1 22816 0.534823 5 11632 1 -1 1 4.3e-06 0 (0.399182 -0.0188323 0.0193596) 2650 117.535 0 (0 0 0) (0 0 0)
6.300000e+02	1 (0 0.439713 0.0925992 0.467688) (23.5 0.702901 1.22881) 413 22755 1 22755 0.103523 5 9712 1 -1 1 8.9e-06 0 (0.435413 -0.00569858 0.00620845) 2650 119.104 0 (0 0 0) (0 0 0)
6.300000e+02	1 (0 0.244856 0.45741 0.297734) (23.5 0.616872 1.24952) 414 22752 2 22752 0.154934 5 4311 1 -1 1 7.5e-05 0 (0.434621 -0.00523396 0.000164322) 2650 124.155 0 (0 0 0) (0 0 0)
6.300000e+02	1 (0 0.671481 0.303798 0.0247205) (23.5 0.524426 1.08238) 439 22739 2 22739 0.159232 5 12169 1 -1 1 4.3e-06 0 (0.422338 -0.0157511 0.0152889) 2650 117.159 0 (0 0 0) (0 0 0)
6.300000e+02	1 (0 0.0889524 0.730591 0.180457) (23.5 0.492849 1.42172) 379 22738 1 22738 0.321802 5 12173 1 -1 1 4.3e-06 0 (0.424532 0.0102682 -0.00148524) 2650 117.322 0 (0 0 0) (0 0 0)
6.300000e+02	1 (0 0.10665 0.576149 0.317201) (23.5 0.255896 1.36196) 395 22731 1 22731 0.770225 5 4835 1 -1 1 7.5e-05 0 (0.409012 0.00592214 0.00529888) 2650 124.77 0 (0 0 0) (0 0 0)
6.300000e+02	1 (0 0.198193 0.397238 0.404569) (23.5 0.901604 1.32511) 409 22770 2 22770 0.583142 5 5050 1 -1 1 7.5e-05 0 (0.426254 -0.00176005 -0.0003524) 2650 124.583 0 (0 0 0) (0 0 0)
6.300000e+02	1 (0 0.267573 0.479824 0.252603) (23.5 0.638471 1.14344) 429 22742 1 22742 0.755371 5 12015 1 -1 1 4.3e-06 0 (0.430347 -0.0103266 0.0111665) 2650 117.755 0 (0 0 0) (0 0 0)
6.300000e+02	1 (0 0.180699 0.389821 0.429481) (23.5 0.531381 1.32662) 404 22753 2 22753 0.790478 5 4242 1 -1 1 7.5e-05 0 (0.431017 0.000652169 -0.00361169) 2650 124.79 0 (0 0 0) (0 0 0)
6.300000e+02	1 (0 0.0338631 0.454134 0.512003) (23.5 0.536505 1.47387) 380 22761 2 22761 0.852822 5 10150 1 -1 1 8.9e-06 0 (0.427657 0.0121808 -0.00136396) 2650 119.853 0 (0 0 0) (0 0 0)
6.300000e+02	1 (0 0.0550615 0.84611 0.098829) (23.5 0.568168 1.2632) 415 22751 2 22751 0.631559 5 4786 1 -1 1 7.5e-05 0 (0.43326 -0.00451196 -0.000775182) 2650 124.632 0 (0 0 0) (0 0 0)
6.300000e+02	1 (0 0.302215 0.574625 0.12316) (23.5 0.241635 1.34836) 395 22731 1 22731 0.92535 5 4867 1 -1 1 7.5e-05 0 (0.409657 0.00384588 0.00736703) 2650 124.925 0 (0 0 0) (0 0 0)
6.300000e+02	1 (0 0.487934 0.0852595 0.426807) (23.5 0.346867 1.30436) 402 22729 2 22729 0.859819 5 4428 1 -1 1 7.5e-05 0 (0.417648 -0.00122716 0.00121976) 2650 124.86 0 (0 0 0) (0 0 0)
