# Time         currentProc " (coordinates0 coordinates1 coordinates2 coordinates3) (position0 position1 position2) celli tetFacei tetPti facei stepFraction origProc origId active typeId nParticle d dTarget (U0 U1 U2) rho age tTurb (UTurb0 UTurb1 UTurb2) (UCorrect0 UCorrect1 UCorrect2)"
5.460000e+02	5 (0 0.893147 0.0229885 0.0838642) (23.5 0.257702 1.0409) 457 33092 1 33092 0.65533 0 2099 1 -1 1 7.5e-05 0 (0.497293 -0.0192455 0.199085) 2650 40.6553 0 (0 0 0) (0 0 0)
5.460000e+02	5 (0 0.0647011 0.326755 0.608544) (23.5 0.371222 1.06039) 680 33014 1 33014 0.849695 0 2219 1 -1 1 7.5e-05 0 (0.515496 -0.0189517 0.190114) 2650 40.8497 0 (0 0 0) (0 0 0)
5.460000e+02	5 (0 0.670983 0.19253 0.136487) (23.5 0.366265 1.07073) 563 32948 1 32948 0.807959 0 2238 1 -1 1 7.5e-05 0 (0.517585 -0.0182577 0.185592) 2650 40.808 0 (0 0 0) (0 0 0)
5.460000e+02	5 (0 0.741702 0.0798421 0.178456) (23.5 0.34651 1.07861) 563 32948 2 32948 0.639926 0 2239 1 -1 1 7.5e-05 0 (0.517572 -0.0199917 0.183653) 2650 40.6399 0 (0 0 0) (0 0 0)
5.460000e+02	5 (0 0.352306 0.0246626 0.623031) (23.5 0.167287 1.16973) 216 32943 1 32943 0.795195 0 2579 1 -1 1 5.3e-05 0 (0.502181 -0.0243361 0.136841) 2650 39.7952 0 (0 0 0) (0 0 0)
5.460000e+02	5 (0 0.497826 0.0873639 0.41481) (23.5 0.197474 1.16127) 284 32950 2 32950 0.406627 0 2599 1 -1 1 5.3e-05 0 (0.505662 -0.0317451 0.134852) 2650 39.4066 0 (0 0 0) (0 0 0)
5.460000e+02	5 (0 0.0529148 0.502848 0.444237) (23.5 0.227786 1.12328) 364 32946 2 32946 0.851853 0 2619 1 -1 1 5.3e-05 0 (0.504435 -0.0326363 0.156846) 2650 39.8519 0 (0 0 0) (0 0 0)
5.460000e+02	5 (0 0.548485 0.448804 0.00271092) (23.5 0.223708 1.15773) 284 32950 2 32950 0.664776 0 2659 1 -1 1 5.3e-05 0 (0.507882 -0.0298067 0.134386) 2650 39.6648 0 (0 0 0) (0 0 0)
5.460000e+02	5 (0 0.31048 0.554721 0.134799) (23.5 0.231281 1.17404) 284 32950 2 32950 0.561022 0 2679 1 -1 1 5.3e-05 0 (0.513251 -0.026722 0.128712) 2650 39.561 0 (0 0 0) (0 0 0)
5.460000e+02	5 (0 0.281348 0.67283 0.0458217) (23.5 0.243019 1.19862) 215 32952 1 32952 0.445783 0 2699 1 -1 1 5.3e-05 0 (0.520468 -0.0212419 0.119541) 2650 39.4458 0 (0 0 0) (0 0 0)
5.460000e+02	5 (0 0.09787 0.475536 0.426594) (23.5 0.256262 1.22597) 215 32952 1 32952 0.326452 0 2719 1 -1 1 5.3e-05 0 (0.522346 -0.00985933 0.104938) 2650 39.3265 0 (0 0 0) (0 0 0)
5.460000e+02	5 (0 0.20015 0.581751 0.2181) (23.5 0.249233 1.14162) 284 32950 1 32950 0.929929 0 2618 1 -1 1 5.3e-05 0 (0.512928 -0.0288923 0.151487) 2650 39.9299 0 (0 0 0) (0 0 0)
5.460000e+02	5 (0 0.166814 0.262787 0.570399) (23.5 0.251511 1.1658) 284 32950 1 32950 0.832027 0 2638 1 -1 1 5.3e-05 0 (0.516326 -0.0256382 0.136217) 2650 39.832 0 (0 0 0) (0 0 0)
5.460000e+02	5 (0 0.349221 0.560569 0.0902103) (23.5 0.238482 1.13287) 284 32950 1 32950 0.868654 0 2639 1 -1 1 5.3e-05 0 (0.509001 -0.0311994 0.154443) 2650 39.8687 0 (0 0 0) (0 0 0)
5.460000e+02	5 (0 0.123514 0.190249 0.686237) (23.5 0.254603 1.17375) 284 32950 1 32950 0.780715 0 2658 1 -1 1 5.3e-05 0 (0.518077 -0.0243024 0.131812) 2650 39.7807 0 (0 0 0) (0 0 0)
5.460000e+02	5 (0 0.0803073 0.051892 0.867801) (23.5 0.257663 1.18621) 284 32950 1 32950 0.697519 0 2698 1 -1 1 5.3e-05 0 (0.520333 -0.0223991 0.124443) 2650 39.6975 0 (0 0 0) (0 0 0)
5.460000e+02	5 (0 0.808545 0.0196435 0.171812) (23.5 0.264906 1.20904) 283 32953 2 32953 0.552429 0 2717 1 -1 1 5.3e-05 0 (0.523116 -0.0152065 0.112867) 2650 39.5524 0 (0 0 0) (0 0 0)
5.460000e+02	5 (0 0.0650192 0.803401 0.13158) (23.5 0.258693 1.20474) 215 32952 1 32952 0.537486 0 2718 1 -1 1 5.3e-05 0 (0.522433 -0.0175039 0.115493) 2650 39.5375 0 (0 0 0) (0 0 0)
5.460000e+02	5 (0 0.546608 0.14469 0.308702) (23.5 0.274461 1.22787) 283 32953 2 32953 0.55052 0 2739 1 -1 1 5.3e-05 0 (0.523819 -0.00702983 0.102416) 2650 39.5505 0 (0 0 0) (0 0 0)
5.460000e+02	5 (0 0.656994 0.219315 0.123691) (23.5 0.280207 1.21993) 283 32953 2 32953 0.663752 0 2738 1 -1 1 5.3e-05 0 (0.524057 -0.00926465 0.105862) 2650 39.6638 0 (0 0 0) (0 0 0)
5.460000e+02	5 (0 0.550423 0.443236 0.00634135) (23.5 0.222979 1.2277) 215 32952 2 32952 0.960189 0 3098 1 -1 1 3.26e-05 0 (0.51838 -0.0122726 0.107667) 2650 38.9602 0 (0 0 0) (0 0 0)
5.460000e+02	5 (0 0.563043 0.128334 0.308623) (23.5 0.22249 1.28957) 159 32964 1 32964 0.770686 0 3099 1 -1 1 3.26e-05 0 (0.520365 0.0116003 0.0873208) 2650 38.7707 0 (0 0 0) (0 0 0)
5.460000e+02	5 (0 0.284667 0.0926122 0.622721) (23.5 0.242753 1.3123) 159 32964 1 32964 0.921815 0 3118 1 -1 1 3.26e-05 0 (0.521293 0.0187408 0.0717601) 2650 38.9218 0 (0 0 0) (0 0 0)
5.460000e+02	5 (0 0.415894 0.515514 0.0685916) (23.5 0.23311 1.27218) 159 32964 1 32964 0.853437 0 3119 1 -1 1 3.26e-05 0 (0.521422 0.00682528 0.0917007) 2650 38.8534 0 (0 0 0) (0 0 0)
5.460000e+02	5 (0 0.20195 0.732592 0.0654585) (23.5 0.244046 1.32498) 159 32964 2 32964 0.963457 0 3138 1 -1 1 3.26e-05 0 (0.521202 0.0227147 0.0660087) 2650 38.9635 0 (0 0 0) (0 0 0)
5.460000e+02	5 (0 0.403101 0.0572119 0.539687) (23.5 0.234143 1.30629) 159 32964 1 32964 0.796304 0 3139 1 -1 1 3.26e-05 0 (0.520827 0.0167683 0.0768097) 2650 38.7963 0 (0 0 0) (0 0 0)
5.460000e+02	5 (0 0.182774 0.734001 0.0832248) (23.5 0.244154 1.32637) 159 32964 2 32964 0.968713 0 3158 1 -1 1 3.26e-05 0 (0.521201 0.0231887 0.0653979) 2650 38.9687 0 (0 0 0) (0 0 0)
5.460000e+02	5 (0 0.480116 0.467332 0.0525526) (23.5 0.228698 1.34322) 114 32966 1 32966 0.775963 0 3159 1 -1 1 3.26e-05 0 (0.520129 0.0282204 0.0632626) 2650 38.776 0 (0 0 0) (0 0 0)
5.460000e+02	5 (0 0.122255 0.724671 0.153075) (23.5 0.243493 1.33074) 159 32964 2 32964 0.972509 0 3178 1 -1 1 3.26e-05 0 (0.521146 0.024711 0.0637688) 2650 38.9725 0 (0 0 0) (0 0 0)
5.460000e+02	5 (0 0.540261 0.387755 0.071984) (23.5 0.219298 1.3717) 114 32966 2 32966 0.784542 0 3179 1 -1 1 3.26e-05 0 (0.518457 0.0293939 0.0560758) 2650 38.7845 0 (0 0 0) (0 0 0)
5.460000e+02	5 (0 0.0130767 0.705907 0.281017) (23.5 0.24216 1.33862) 159 32964 2 32964 0.974547 0 3198 1 -1 1 3.26e-05 0 (0.521019 0.0274608 0.0608744) 2650 38.9745 0 (0 0 0) (0 0 0)
5.460000e+02	5 (0 0.163226 0.221891 0.614883) (23.5 0.207475 1.39802) 114 32966 2 32966 0.783433 0 3199 1 -1 1 3.26e-05 0 (0.51831 0.0330178 0.0475635) 2650 38.7834 0 (0 0 0) (0 0 0)
5.460000e+02	5 (0 0.4385 0.184362 0.377139) (23.5 0.231855 1.36594) 114 32966 1 32966 0.948074 0 3218 1 -1 1 3.26e-05 0 (0.519172 0.0285795 0.0546891) 2650 38.9481 0 (0 0 0) (0 0 0)
5.460000e+02	5 (0 0.863089 0.017296 0.119615) (23.5 0.20142 1.41736) 78 32972 1 32972 0.877816 0 3219 1 -1 1 3.26e-05 0 (0.517666 0.0333873 0.0418645) 2650 38.8778 0 (0 0 0) (0 0 0)
5.460000e+02	5 (0 0.162213 0.0870562 0.750731) (23.5 0.251774 1.17819) 284 32950 1 32950 0.745728 0 2678 1 -1 1 5.3e-05 0 (0.517818 -0.0240684 0.128174) 2650 39.7457 0 (0 0 0) (0 0 0)
5.470000e+02	5 (0 0.830223 0.136627 0.0331503) (23.5 0.406009 1.04155) 680 33014 2 33014 0.114939 0 2199 1 -1 1 7.5e-05 0 (0.512932 -0.0156468 0.198089) 2650 41.1149 0 (0 0 0) (0 0 0)
5.470000e+02	5 (0 0.211366 0.563753 0.224881) (23.5 0.401698 1.05692) 680 33014 1 33014 0.0901803 0 2218 1 -1 1 7.5e-05 0 (0.519267 -0.0131581 0.190282) 2650 41.0902 0 (0 0 0) (0 0 0)
5.470000e+02	5 (0 0.230986 0.675085 0.0939291) (23.5 0.412103 1.05646) 680 33014 1 33014 0.174137 0 2237 1 -1 1 7.5e-05 0 (0.519783 -0.0118795 0.189525) 2650 41.1741 0 (0 0 0) (0 0 0)
5.470000e+02	5 (0 0.271833 0.449639 0.278528) (23.5 0.244123 1.08) 364 32946 1 32946 0.284579 0 2578 1 -1 1 5.3e-05 0 (0.501495 -0.02116 0.179682) 2650 40.2846 0 (0 0 0) (0 0 0)
5.470000e+02	5 (0 0.721912 0.108816 0.169272) (23.5 0.199073 1.08007) 364 32946 2 32946 0.0661247 0 2598 1 -1 1 5.3e-05 0 (0.484876 -0.0308622 0.160847) 2650 40.0661 0 (0 0 0) (0 0 0)
5.470000e+02	5 (0 0.0708814 0.195438 0.733681) (23.5 0.137102 1.40413) 79 32961 2 32961 0.140666 0 3079 1 -1 1 3.26e-05 0 (0.516491 0.0330857 0.0723909) 2650 39.1407 0 (0 0 0) (0 0 0)
5.470000e+02	5 (0 0.218185 0.216271 0.565544) (23.5 0.221232 1.01397) 682 33090 1 33090 0.497775 0 2079 1 -1 1 7.5e-05 0 (0.44338 -0.0301245 0.1834) 2650 41.4978 0 (0 0 0) (0 0 0)
5.470000e+02	5 (0 0.547767 0.0430479 0.409185) (23.5 0.547589 1.0271) 1110 33022 1 33022 0.93021 0 2118 1 -1 1 7.5e-05 0 (0.504862 0.00108718 0.203743) 2650 41.9302 0 (0 0 0) (0 0 0)
5.470000e+02	5 (0 0.621221 0.372321 0.00645797) (23.5 0.389135 1.02547) 810 33013 2 33013 0.174682 0 2119 1 -1 1 7.5e-05 0 (0.501815 -0.0219284 0.206073) 2650 41.1747 0 (0 0 0) (0 0 0)
5.470000e+02	5 (0 0.791315 0.057468 0.151217) (23.5 0.487829 1.02211) 955 33019 1 33019 0.671364 0 2139 1 -1 1 7.5e-05 0 (0.501535 -0.00876906 0.206477) 2650 41.6714 0 (0 0 0) (0 0 0)
5.470000e+02	5 (0 0.888971 0.0696162 0.0414125) (23.5 0.491068 1.03997) 809 33020 2 33020 0.693225 0 2158 1 -1 1 7.5e-05 0 (0.513877 -0.00478049 0.197229) 2650 41.6932 0 (0 0 0) (0 0 0)
5.470000e+02	5 (0 0.568497 0.164414 0.267089) (23.5 0.478502 1.02668) 955 33019 1 33019 0.560125 0 2159 1 -1 1 7.5e-05 0 (0.504737 -0.009084 0.204194) 2650 41.5601 0 (0 0 0) (0 0 0)
5.470000e+02	5 (0 0.717774 0.16186 0.120366) (23.5 0.477296 1.04215) 809 33020 2 33020 0.614324 0 2178 1 -1 1 7.5e-05 0 (0.514699 -0.00617261 0.196154) 2650 41.6143 0 (0 0 0) (0 0 0)
5.470000e+02	5 (0 0.507286 0.301383 0.191332) (23.5 0.460364 1.04543) 809 33020 2 33020 0.506448 0 2198 1 -1 1 7.5e-05 0 (0.515951 -0.00774967 0.194488) 2650 41.5064 0 (0 0 0) (0 0 0)
5.470000e+02	5 (0 0.784184 0.0356789 0.180137) (23.5 0.485514 1.04342) 809 33020 1 33020 0.682751 0 2217 1 -1 1 7.5e-05 0 (0.51536 -0.00484013 0.195365) 2650 41.6828 0 (0 0 0) (0 0 0)
5.470000e+02	5 (0 0.910816 0.0824578 0.00672633) (23.5 0.426756 1.06234) 679 32949 1 32949 0.365407 0 2259 1 -1 1 7.5e-05 0 (0.522795 -0.0088038 0.18543) 2650 41.3654 0 (0 0 0) (0 0 0)
5.470000e+02	5 (0 0.302851 0.680883 0.0162656) (23.5 0.364152 1.05439) 680 33014 2 33014 0.84636 0 2536 1 -1 1 5.3e-05 0 (0.515646 -0.0186018 0.197486) 2650 40.8464 0 (0 0 0) (0 0 0)
5.470000e+02	5 (0 0.491533 0.143556 0.364911) (23.5 0.380524 1.08548) 563 32948 1 32948 0.807182 0 2554 1 -1 1 5.3e-05 0 (0.524016 -0.0120952 0.180179) 2650 40.8072 0 (0 0 0) (0 0 0)
5.470000e+02	5 (0 0.72562 0.125041 0.149339) (23.5 0.361923 1.07156) 563 32948 1 32948 0.624263 0 2555 1 -1 1 5.3e-05 0 (0.520389 -0.0162409 0.188889) 2650 40.6243 0 (0 0 0) (0 0 0)
5.470000e+02	5 (0 0.285951 0.384278 0.329771) (23.5 0.396861 1.08321) 563 32948 1 32948 0.946501 0 2574 1 -1 1 5.3e-05 0 (0.524767 -0.0102187 0.179692) 2650 40.9465 0 (0 0 0) (0 0 0)
5.470000e+02	5 (0 0.687567 0.111336 0.201098) (23.5 0.349018 1.0821) 563 32948 2 32948 0.470129 0 2575 1 -1 1 5.3e-05 0 (0.52117 -0.0170391 0.185101) 2650 40.4701 0 (0 0 0) (0 0 0)
5.470000e+02	5 (0 0.14583 0.222948 0.631221) (23.5 0.274863 1.04363) 564 33017 2 33017 0.714742 0 2577 1 -1 1 5.3e-05 0 (0.504018 -0.0158904 0.204347) 2650 40.7147 0 (0 0 0) (0 0 0)
5.470000e+02	5 (0 0.043595 0.605522 0.350883) (23.5 0.310181 1.12374) 456 32947 2 32947 0.228993 0 2596 1 -1 1 5.3e-05 0 (0.522897 -0.0192019 0.166375) 2650 40.229 0 (0 0 0) (0 0 0)
5.470000e+02	5 (0 0.172477 0.414236 0.413287) (23.5 0.327091 1.08863) 456 32947 1 32947 0.311759 0 2597 1 -1 1 5.3e-05 0 (0.519708 -0.0163787 0.183347) 2650 40.3118 0 (0 0 0) (0 0 0)
5.470000e+02	5 (0 0.554063 0.239887 0.20605) (23.5 0.297908 1.14071) 363 32951 1 32951 0.182194 0 2637 1 -1 1 5.3e-05 0 (0.522221 -0.0191025 0.15483) 2650 40.1822 0 (0 0 0) (0 0 0)
5.470000e+02	5 (0 0.243055 0.472826 0.284118) (23.5 0.299791 1.17854) 363 32951 2 32951 0.17411 0 2737 1 -1 1 5.3e-05 0 (0.525453 -0.0124878 0.127922) 2650 40.1741 0 (0 0 0) (0 0 0)
5.470000e+02	5 (0 0.0301819 0.352935 0.616883) (23.5 0.337979 1.10178) 456 32947 1 32947 0.655424 0 2535 1 -1 1 5.3e-05 0 (0.523304 -0.0163389 0.176597) 2650 40.6554 0 (0 0 0) (0 0 0)
5.470000e+02	5 (0 0.0135896 0.361418 0.624992) (23.5 0.190363 1.10255) 285 32941 1 32941 0.497193 0 3097 1 -1 1 3.26e-05 0 (0.488659 -0.0351803 0.152946) 2650 39.4972 0 (0 0 0) (0 0 0)
5.470000e+02	5 (0 0.0248611 0.8595 0.115639) (23.5 0.253077 1.26541) 215 32952 2 32952 0.0870785 0 3117 1 -1 1 3.26e-05 0 (0.523832 0.00659351 0.0855211) 2650 39.0871 0 (0 0 0) (0 0 0)
5.470000e+02	5 (0 0.0588213 0.898559 0.0426195) (23.5 0.255916 1.26297) 215 32952 2 32952 0.141378 0 3137 1 -1 1 3.26e-05 0 (0.523822 0.00551453 0.0851787) 2650 39.1414 0 (0 0 0) (0 0 0)
5.470000e+02	5 (0 0.126174 0.762815 0.111011) (23.5 0.246603 1.11848) 364 32946 2 32946 0.902856 0 3055 1 -1 1 3.26e-05 0 (0.509546 -0.0297865 0.16446) 2650 39.9029 0 (0 0 0) (0 0 0)
5.470000e+02	5 (0 0.37271 0.261469 0.365822) (23.5 0.28389 1.10249) 456 32947 2 32947 0.980642 0 3075 1 -1 1 3.26e-05 0 (0.51583 -0.0185534 0.178793) 2650 39.9806 0 (0 0 0) (0 0 0)
5.470000e+02	5 (0 0.284667 0.630345 0.0849883) (23.5 0.172038 1.06769) 285 32941 1 32941 0.961761 0 3076 1 -1 1 3.26e-05 0 (0.464669 -0.0270286 0.162066) 2650 39.9618 0 (0 0 0) (0 0 0)
5.470000e+02	5 (0 0.151265 0.663251 0.185484) (23.5 0.181015 1.07415) 285 32941 1 32941 0.758622 0 3077 1 -1 1 3.26e-05 0 (0.473299 -0.0294832 0.16083) 2650 39.7586 0 (0 0 0) (0 0 0)
5.470000e+02	5 (0 0.259715 0.00408661 0.736198) (23.5 0.17349 1.17745) 216 32943 1 32943 0.551389 0 3078 1 -1 1 3.26e-05 0 (0.506484 -0.0260462 0.133578) 2650 39.5514 0 (0 0 0) (0 0 0)
5.470000e+02	5 (0 0.649254 0.0312978 0.319448) (23.5 0.193475 1.08479) 364 32946 2 32946 0.791784 0 3096 1 -1 1 3.26e-05 0 (0.484693 -0.0323764 0.159149) 2650 39.7918 0 (0 0 0) (0 0 0)
5.470000e+02	5 (0 0.311508 0.368174 0.320318) (23.5 0.316203 1.21827) 283 32953 1 32953 0.991198 0 2879 1 -1 1 5.3e-05 0 (0.527604 -0.00030185 0.101671) 2650 40.9912 0 (0 0 0) (0 0 0)
5.470000e+02	5 (0 0.0250928 0.750747 0.22416) (23.5 0.261494 1.28342) 159 32964 1 32964 0.184017 0 3197 1 -1 1 3.26e-05 0 (0.52384 0.0126234 0.0752388) 2650 39.184 0 (0 0 0) (0 0 0)
5.470000e+02	5 (0 0.155098 0.00732563 0.837577) (23.5 0.252256 1.18415) 284 32950 1 32950 0.633015 0 3054 1 -1 1 3.26e-05 0 (0.520033 -0.0236188 0.123609) 2650 39.633 0 (0 0 0) (0 0 0)
5.470000e+02	5 (0 0.0658969 0.867349 0.0667541) (23.5 0.25384 1.19077) 284 32950 2 32950 0.554032 0 3074 1 -1 1 3.26e-05 0 (0.521999 -0.0225014 0.121249) 2650 39.554 0 (0 0 0) (0 0 0)
5.470000e+02	5 (0 0.0440768 0.113706 0.842217) (23.5 0.272169 1.19223) 363 32951 2 32951 0.734175 0 3095 1 -1 1 3.26e-05 0 (0.524752 -0.0186014 0.120918) 2650 39.7342 0 (0 0 0) (0 0 0)
5.470000e+02	5 (0 0.241918 0.378369 0.379713) (23.5 0.246109 1.36614) 114 32966 1 32966 0.337856 0 3217 1 -1 1 3.26e-05 0 (0.519882 0.0301645 0.0479121) 2650 39.3379 0 (0 0 0) (0 0 0)
5.470000e+02	5 (0 0.174616 0.464016 0.361368) (23.5 0.250981 1.36487) 114 32966 1 32966 0.495316 0 3238 1 -1 1 3.26e-05 0 (0.520108 0.0300162 0.0466334) 2650 39.4953 0 (0 0 0) (0 0 0)
5.470000e+02	5 (0 0.2549 0.616381 0.128719) (23.5 0.236001 1.39168) 114 32966 2 32966 0.401818 0 3239 1 -1 1 3.26e-05 0 (0.518333 0.0313075 0.04217) 2650 39.4018 0 (0 0 0) (0 0 0)
5.470000e+02	5 (0 0.369684 0.461195 0.169121) (23.5 0.224525 1.17) 284 32950 2 32950 0.703245 0 3035 1 -1 1 3.26e-05 0 (0.512676 -0.0288815 0.12984) 2650 39.7032 0 (0 0 0) (0 0 0)
5.470000e+02	5 (0 0.225649 0.114871 0.65948) (23.5 0.199099 1.25103) 215 32952 2 32952 0.808937 0 3597 1 -1 1 2.12e-05 0 (0.519995 -0.0020908 0.108038) 2650 38.8089 0 (0 0 0) (0 0 0)
5.470000e+02	5 (0 0.435377 0.446869 0.117754) (23.5 0.22327 1.30808) 159 32964 2 32964 0.564574 0 3598 1 -1 1 2.12e-05 0 (0.521183 0.0192917 0.0782413) 2650 38.5646 0 (0 0 0) (0 0 0)
5.470000e+02	5 (0 0.306626 0.599983 0.0933916) (23.5 0.170752 1.41548) 51 32963 1 32963 0.379172 0 3599 1 -1 1 2.12e-05 0 (0.517248 0.0354893 0.052464) 2650 38.3792 0 (0 0 0) (0 0 0)
5.470000e+02	5 (0 0.466162 0.353534 0.180304) (23.5 0.216857 1.37687) 114 32966 2 32966 0.660861 0 3617 1 -1 1 2.12e-05 0 (0.51883 0.0321024 0.0537713) 2650 38.6609 0 (0 0 0) (0 0 0)
5.470000e+02	5 (0 0.796721 0.00189351 0.201385) (23.5 0.19158 1.42291) 78 32972 2 32972 0.638705 0 3618 1 -1 1 2.12e-05 0 (0.517552 0.0361357 0.0404395) 2650 38.6387 0 (0 0 0) (0 0 0)
5.470000e+02	5 (0 0.161938 0.791534 0.0465275) (23.5 0.180536 1.41242) 51 32963 1 32963 0.421619 0 3619 1 -1 1 2.12e-05 0 (0.517749 0.0365588 0.0494119) 2650 38.4216 0 (0 0 0) (0 0 0)
5.470000e+02	5 (0 0.844894 0.0530879 0.102018) (23.5 0.195317 1.41971) 78 32972 2 32972 0.666886 0 3638 1 -1 1 2.12e-05 0 (0.517648 0.0359001 0.0412883) 2650 38.6669 0 (0 0 0) (0 0 0)
5.470000e+02	5 (0 0.401912 0.0818926 0.516196) (23.5 0.164223 1.44357) 51 32963 1 32963 0.434089 0 3639 1 -1 1 2.12e-05 0 (0.515499 0.0317883 0.0441008) 2650 38.4341 0 (0 0 0) (0 0 0)
5.470000e+02	5 (0 0.894112 0.0274666 0.0784215) (23.5 0.199167 1.41462) 78 32972 1 32972 0.680635 0 3658 1 -1 1 2.12e-05 0 (0.517869 0.0359703 0.0426213) 2650 38.6806 0 (0 0 0) (0 0 0)
5.470000e+02	5 (0 0.234466 0.496119 0.269415) (23.5 0.157387 1.46013) 51 32963 2 32963 0.476199 0 3659 1 -1 1 2.12e-05 0 (0.51509 0.0308832 0.0363379) 2650 38.4762 0 (0 0 0) (0 0 0)
5.470000e+02	5 (0 0.0247526 0.184094 0.791153) (23.5 0.204807 1.40769) 114 32966 2 32966 0.71014 0 3678 1 -1 1 2.12e-05 0 (0.518219 0.0361056 0.0433452) 2650 38.7101 0 (0 0 0) (0 0 0)
5.470000e+02	5 (0 0.146055 0.53834 0.315605) (23.5 0.160238 1.46603) 51 32963 2 32963 0.541378 0 3679 1 -1 1 2.12e-05 0 (0.514996 0.0306738 0.032027) 2650 38.5414 0 (0 0 0) (0 0 0)
5.470000e+02	5 (0 0.50346 0.00813862 0.488401) (23.5 0.227192 1.37372) 114 32966 1 32966 0.849394 0 3697 1 -1 1 2.12e-05 0 (0.518837 0.0307428 0.0525693) 2650 38.8494 0 (0 0 0) (0 0 0)
5.470000e+02	5 (0 0.160028 0.286142 0.55383) (23.5 0.21213 1.39826) 114 32966 2 32966 0.753968 0 3698 1 -1 1 2.12e-05 0 (0.518383 0.0344858 0.0456528) 2650 38.754 0 (0 0 0) (0 0 0)
5.470000e+02	5 (0 0.454719 0.0938089 0.451472) (23.5 0.154593 1.48178) 30 33034 2 33034 0.569592 0 3699 1 -1 1 2.12e-05 0 (0.514695 0.0301463 0.0238954) 2650 38.5696 0 (0 0 0) (0 0 0)
5.470000e+02	5 (0 0.0816131 0.347445 0.570941) (23.5 0.185849 1.44733) 51 32963 1 32963 0.789838 0 3718 1 -1 1 2.12e-05 0 (0.516053 0.0329495 0.0331463) 2650 38.7898 0 (0 0 0) (0 0 0)
5.470000e+02	5 (0 0.592005 0.173747 0.234248) (23.5 0.163766 1.48697) 30 33034 2 33034 0.734041 0 3719 1 -1 1 2.12e-05 0 (0.514479 0.0298222 0.0192451) 2650 38.734 0 (0 0 0) (0 0 0)
5.470000e+02	5 (0 0.281788 0.698591 0.0196209) (23.5 0.44219 1.03215) 955 33019 2 33019 0.344848 0 2179 1 -1 1 7.5e-05 0 (0.508303 -0.0127935 0.201661) 2650 41.3448 0 (0 0 0) (0 0 0)
5.470000e+02	5 (0 0.64228 0.0418743 0.315846) (23.5 0.168253 1.0253) 458 33088 1 33088 0.0626117 0 2059 1 -1 1 7.5e-05 0 (0.481178 -0.0420094 0.185212) 2650 41.0626 0 (0 0 0) (0 0 0)
5.470000e+02	5 (0 0.138569 0.0382376 0.823194) (23.5 0.51424 1.03549) 1110 33022 1 33022 0.799955 0 2138 1 -1 1 7.5e-05 0 (0.511197 -0.00234649 0.199453) 2650 41.8 0 (0 0 0) (0 0 0)
5.470000e+02	5 (0 0.0141766 0.953593 0.0322307) (23.5 0.12155 1.01772) 459 33081 1 33081 0.704016 0 2039 1 -1 1 7.5e-05 0 (0.477927 -0.0806119 0.191638) 2650 41.704 0 (0 0 0) (0 0 0)
5.480000e+02	5 (0 0.282001 0.398361 0.319638) (23.5 0.603258 1.026) 1277 33041 2 33041 0.228695 0 2097 1 -1 1 7.5e-05 0 (0.50545 0.0125153 0.205406) 2650 42.2287 0 (0 0 0) (0 0 0)
5.480000e+02	5 (0 0.195585 0.447873 0.356541) (23.5 0.515742 1.04889) 954 33023 2 33023 0.027303 0 2258 1 -1 1 7.5e-05 0 (0.520434 0.00463839 0.192243) 2650 42.0273 0 (0 0 0) (0 0 0)
5.480000e+02	5 (0 0.19585 0.692781 0.111369) (23.5 0.404021 1.0691) 563 32948 1 32948 0.253909 0 2534 1 -1 1 5.3e-05 0 (0.525558 -0.00768661 0.186042) 2650 41.2539 0 (0 0 0) (0 0 0)
5.480000e+02	5 (0 0.0893411 0.0661278 0.844531) (23.5 0.129457 1.01933) 458 33088 2 33088 0.31351 0 2019 1 -1 1 7.5e-05 0 (0.482849 -0.0763561 0.186565) 2650 42.3135 0 (0 0 0) (0 0 0)
5.480000e+02	5 (0 0.570279 0.0904398 0.339281) (23.5 0.270826 1.08973) 456 32947 2 32947 0.1244 0 3056 1 -1 1 3.26e-05 0 (0.513938 -0.0153411 0.185838) 2650 40.1244 0 (0 0 0) (0 0 0)
5.480000e+02	5 (0 0.251656 0.61744 0.130903) (23.5 0.679715 1.0305) 1458 33044 2 33044 0.756354 0 2055 1 -1 1 7.5e-05 0 (0.505592 0.020752 0.203957) 2650 42.7564 0 (0 0 0) (0 0 0)
5.480000e+02	5 (0 0.520352 0.367589 0.112058) (23.5 0.700069 1.02538) 1458 33044 2 33044 0.981913 0 2036 1 -1 1 7.5e-05 0 (0.501398 0.0216885 0.206451) 2650 42.9819 0 (0 0 0) (0 0 0)
5.480000e+02	5 (0 0.307239 0.600885 0.0918761) (23.5 0.363963 1.03015) 810 33013 2 33013 0.0842433 0 2556 1 -1 1 5.3e-05 0 (0.507711 -0.0218897 0.208242) 2650 41.0842 0 (0 0 0) (0 0 0)
5.480000e+02	5 (0 0.497195 0.397402 0.105403) (23.5 0.331168 1.02815) 681 33016 1 33016 0.033505 0 2576 1 -1 1 5.3e-05 0 (0.504616 -0.0257557 0.210054) 2650 41.0335 0 (0 0 0) (0 0 0)
5.480000e+02	5 (0 0.641899 0.0464797 0.311621) (23.5 0.237366 1.0395) 457 33092 2 33092 0.0628387 0 2558 1 -1 1 5.3e-05 0 (0.499271 -0.0197648 0.194551) 2650 41.0628 0 (0 0 0) (0 0 0)
5.480000e+02	5 (0 0.317256 0.112907 0.569837) (23.5 0.454176 1.05442) 809 33020 1 33020 0.604288 0 2533 1 -1 1 5.3e-05 0 (0.522703 -0.00298824 0.191966) 2650 41.6043 0 (0 0 0) (0 0 0)
5.480000e+02	5 (0 0.117299 0.261236 0.621466) (23.5 0.410262 1.10205) 563 32948 1 32948 0.391586 0 2759 1 -1 1 5.3e-05 0 (0.530795 -0.00269344 0.167927) 2650 41.3916 0 (0 0 0) (0 0 0)
5.480000e+02	5 (0 0.393252 0.591456 0.0152919) (23.5 0.388433 1.12756) 455 32954 1 32954 0.778429 0 2857 1 -1 1 5.3e-05 0 (0.53268 -0.00338414 0.157045) 2650 41.7784 0 (0 0 0) (0 0 0)
5.480000e+02	5 (0 0.596203 0.196987 0.206811) (23.5 0.355907 1.15425) 455 32954 2 32954 0.472897 0 2858 1 -1 1 5.3e-05 0 (0.530594 -0.00338622 0.141643) 2650 41.4729 0 (0 0 0) (0 0 0)
5.480000e+02	5 (0 0.5364 0.334301 0.129299) (23.5 0.377082 1.1354) 455 32954 1 32954 0.734391 0 2878 1 -1 1 5.3e-05 0 (0.531824 -0.00382655 0.153177) 2650 41.7344 0 (0 0 0) (0 0 0)
5.480000e+02	5 (0 0.355622 0.0361064 0.608272) (23.5 0.343083 1.17078) 455 32954 2 32954 0.38028 0 2938 1 -1 1 5.3e-05 0 (0.530576 -0.00159317 0.12928) 2650 41.3803 0 (0 0 0) (0 0 0)
5.480000e+02	5 (0 0.395785 0.272171 0.332044) (23.5 0.284713 1.101) 456 32947 2 32947 0.157112 0 3036 1 -1 1 3.26e-05 0 (0.517603 -0.0158315 0.179659) 2650 40.1571 0 (0 0 0) (0 0 0)
5.480000e+02	5 (0 0.039496 0.850119 0.110385) (23.5 0.416445 1.06903) 563 32948 1 32948 0.93668 0 3090 1 -1 1 3.26e-05 0 (0.526405 -0.00587201 0.186123) 2650 40.9367 0 (0 0 0) (0 0 0)
5.480000e+02	5 (0 0.521102 0.341885 0.137013) (23.5 0.378175 1.07076) 563 32948 1 32948 0.716759 0 3051 1 -1 1 3.26e-05 0 (0.524035 -0.0112034 0.189546) 2650 40.7168 0 (0 0 0) (0 0 0)
5.480000e+02	5 (0 0.330013 0.609468 0.0605192) (23.5 0.168988 1.06612) 285 32941 1 32941 0.175291 0 3058 1 -1 1 3.26e-05 0 (0.462085 -0.0273713 0.159103) 2650 40.1753 0 (0 0 0) (0 0 0)
5.480000e+02	5 (0 0.569644 0.0638043 0.366552) (23.5 0.268545 1.15614) 363 32951 2 32951 0.251849 0 3034 1 -1 1 3.26e-05 0 (0.521879 -0.0233681 0.14425) 2650 40.2518 0 (0 0 0) (0 0 0)
5.480000e+02	5 (0 0.437134 0.203732 0.359134) (23.5 0.20602 1.09848) 364 32946 2 32946 0.622725 0 3555 1 -1 1 2.12e-05 0 (0.493595 -0.033624 0.156871) 2650 39.6227 0 (0 0 0) (0 0 0)
5.480000e+02	5 (0 0.193365 0.0849322 0.721703) (23.5 0.249288 1.24721) 215 32952 1 32952 0.0183827 0 3574 1 -1 1 2.12e-05 0 (0.523814 -0.000793987 0.0893914) 2650 39.0184 0 (0 0 0) (0 0 0)
5.480000e+02	5 (0 0.0481957 0.674056 0.277749) (23.5 0.187955 1.08009) 285 32941 1 32941 0.550538 0 3575 1 -1 1 2.12e-05 0 (0.481274 -0.0326395 0.157297) 2650 39.5505 0 (0 0 0) (0 0 0)
5.480000e+02	5 (0 0.414575 0.0229527 0.562473) (23.5 0.192928 1.09998) 364 32946 2 32946 0.412347 0 3595 1 -1 1 2.12e-05 0 (0.490362 -0.0362191 0.152186) 2650 39.4123 0 (0 0 0) (0 0 0)
5.480000e+02	5 (0 0.073399 0.144096 0.782505) (23.5 0.186053 1.18055) 216 32943 1 32943 0.0753357 0 3596 1 -1 1 2.12e-05 0 (0.511759 -0.0313228 0.128421) 2650 39.0753 0 (0 0 0) (0 0 0)
5.480000e+02	5 (0 0.180174 0.675719 0.144106) (23.5 0.179065 1.07148) 285 32941 1 32941 0.738783 0 3536 1 -1 1 2.12e-05 0 (0.47166 -0.0298138 0.159019) 2650 39.7388 0 (0 0 0) (0 0 0)
5.480000e+02	5 (0 0.537382 0.185164 0.277454) (23.5 0.224779 1.07997) 364 32946 1 32946 0.980364 0 3556 1 -1 1 2.12e-05 0 (0.495102 -0.0254783 0.171205) 2650 39.9804 0 (0 0 0) (0 0 0)
5.480000e+02	5 (0 0.143295 0.511465 0.34524) (23.5 0.181589 1.08449) 285 32941 1 32941 0.49248 0 3576 1 -1 1 2.12e-05 0 (0.477579 -0.0324125 0.155355) 2650 39.4925 0 (0 0 0) (0 0 0)
5.480000e+02	5 (0 0.283455 0.192774 0.52377) (23.5 0.155604 1.05556) 365 33089 1 33089 0.831904 0 3577 1 -1 1 2.12e-05 0 (0.454168 -0.0265315 0.162168) 2650 39.8319 0 (0 0 0) (0 0 0)
5.480000e+02	5 (0 0.414295 0.550218 0.0354864) (23.5 0.163032 1.34186) 79 32961 1 32961 0.268359 0 3578 1 -1 1 2.12e-05 0 (0.520962 0.0307666 0.0951451) 2650 39.2684 0 (0 0 0) (0 0 0)
5.480000e+02	5 (0 0.23896 0.374006 0.387034) (23.5 0.32176 1.22306) 283 32953 1 32953 0.633372 0 2899 1 -1 1 5.3e-05 0 (0.528182 0.00437574 0.0937623) 2650 41.6334 0 (0 0 0) (0 0 0)
5.480000e+02	5 (0 0.202365 0.490373 0.307262) (23.5 0.324576 1.21732) 283 32953 1 32953 0.715492 0 2919 1 -1 1 5.3e-05 0 (0.528718 0.00387703 0.0972455) 2650 41.7155 0 (0 0 0) (0 0 0)
5.480000e+02	5 (0 0.564451 0.0374403 0.398108) (23.5 0.34324 1.15644) 455 32954 2 32954 0.732808 0 3237 1 -1 1 3.26e-05 0 (0.530236 -0.00473724 0.141869) 2650 40.7328 0 (0 0 0) (0 0 0)
5.480000e+02	5 (0 0.0467017 0.249845 0.703454) (23.5 0.336629 1.17484) 363 32951 1 32951 0.810067 0 3298 1 -1 1 3.26e-05 0 (0.530071 -0.0018507 0.127775) 2650 40.8101 0 (0 0 0) (0 0 0)
5.480000e+02	5 (0 0.0894981 0.785351 0.125151) (23.5 0.323703 1.18907) 363 32951 2 32951 0.630782 0 3299 1 -1 1 3.26e-05 0 (0.529294 -0.00241839 0.11726) 2650 40.6308 0 (0 0 0) (0 0 0)
5.480000e+02	5 (0 0.285187 0.661438 0.0533756) (23.5 0.318252 1.19906) 283 32953 1 32953 0.633884 0 3318 1 -1 1 3.26e-05 0 (0.529336 -0.00252798 0.110515) 2650 40.6339 0 (0 0 0) (0 0 0)
5.480000e+02	5 (0 0.0955178 0.39926 0.505223) (23.5 0.293925 1.2603) 283 32953 2 32953 0.264012 0 3319 1 -1 1 3.26e-05 0 (0.525967 0.0111713 0.0764279) 2650 40.264 0 (0 0 0) (0 0 0)
5.480000e+02	5 (0 0.0920944 0.124796 0.783109) (23.5 0.333134 1.18031) 363 32951 1 32951 0.932724 0 3336 1 -1 1 3.26e-05 0 (0.529721 -0.00137999 0.123606) 2650 40.9327 0 (0 0 0) (0 0 0)
5.480000e+02	5 (0 0.422622 0.224067 0.353311) (23.5 0.307676 1.22065) 283 32953 1 32953 0.534497 0 3338 1 -1 1 3.26e-05 0 (0.527329 -0.000647471 0.09742) 2650 40.5345 0 (0 0 0) (0 0 0)
5.480000e+02	5 (0 0.650424 0.273789 0.075787) (23.5 0.290107 1.27267) 214 32965 1 32965 0.265636 0 3339 1 -1 1 3.26e-05 0 (0.525368 0.0140464 0.0708635) 2650 40.2656 0 (0 0 0) (0 0 0)
5.480000e+02	5 (0 0.507705 0.230998 0.261297) (23.5 0.281087 1.30283) 214 32965 2 32965 0.219936 0 3359 1 -1 1 3.26e-05 0 (0.523355 0.0195964 0.0592196) 2650 40.2199 0 (0 0 0) (0 0 0)
5.480000e+02	5 (0 0.106998 0.418912 0.47409) (23.5 0.255592 1.22939) 215 32952 1 32952 0.229566 0 3554 1 -1 1 2.12e-05 0 (0.524635 -0.0074232 0.0983894) 2650 39.2296 0 (0 0 0) (0 0 0)
5.480000e+02	5 (0 0.570089 0.0269781 0.402933) (23.5 0.15236 1.29636) 115 32959 1 32959 0.897661 0 2519 1 -1 1 5.3e-05 0 (0.522936 0.0173008 0.1261) 2650 41.8977 0 (0 0 0) (0 0 0)
5.480000e+02	5 (0 0.889451 0.0953778 0.015171) (23.5 0.271908 1.19635) 283 32953 1 32953 0.631104 0 3594 1 -1 1 2.12e-05 0 (0.526236 -0.0177695 0.114912) 2650 39.6311 0 (0 0 0) (0 0 0)
5.480000e+02	5 (0 0.273026 0.0486402 0.678333) (23.5 0.194869 1.45775) 78 32972 2 32972 0.143848 0 3717 1 -1 1 2.12e-05 0 (0.515649 0.0332541 0.0252251) 2650 39.1438 0 (0 0 0) (0 0 0)
5.480000e+02	5 (0 0.315703 0.3082 0.376097) (23.5 0.240758 1.36588) 114 32966 1 32966 0.171953 0 3736 1 -1 1 2.12e-05 0 (0.520061 0.0323675 0.0477532) 2650 39.172 0 (0 0 0) (0 0 0)
5.480000e+02	5 (0 0.1706 0.251598 0.577802) (23.5 0.282604 1.25491) 283 32953 2 32953 0.865414 0 3737 1 -1 1 2.12e-05 0 (0.525769 0.00724972 0.081366) 2650 39.8654 0 (0 0 0) (0 0 0)
5.480000e+02	5 (0 0.532853 0.466049 0.00109816) (23.5 0.225321 1.40955) 78 32972 1 32972 0.342981 0 3738 1 -1 1 2.12e-05 0 (0.517956 0.0357298 0.035579) 2650 39.343 0 (0 0 0) (0 0 0)
5.480000e+02	5 (0 0.904423 0.042783 0.0527943) (23.5 0.184825 1.47863) 30 33034 2 33034 0.143021 0 3739 1 -1 1 2.12e-05 0 (0.514594 0.0315023 0.0185393) 2650 39.143 0 (0 0 0) (0 0 0)
5.480000e+02	5 (0 0.707999 0.167958 0.124043) (23.5 0.276208 1.28833) 214 32965 2 32965 0.786966 0 3758 1 -1 1 2.12e-05 0 (0.5241 0.0154067 0.0665707) 2650 39.787 0 (0 0 0) (0 0 0)
5.480000e+02	5 (0 0.141207 0.619482 0.239312) (23.5 0.253351 1.35633) 114 32966 1 32966 0.539564 0 3759 1 -1 1 2.12e-05 0 (0.520829 0.0319977 0.0456584) 2650 39.5396 0 (0 0 0) (0 0 0)
5.480000e+02	5 (0 0.568499 0.202562 0.228939) (23.5 0.222773 1.42468) 78 32972 1 32972 0.702842 0 3798 1 -1 1 2.12e-05 0 (0.51703 0.0332903 0.0327168) 2650 39.7028 0 (0 0 0) (0 0 0)
5.480000e+02	5 (0 0.518342 0.354894 0.126765) (23.5 0.226391 1.4179) 78 32972 1 32972 0.671766 0 3799 1 -1 1 2.12e-05 0 (0.517398 0.034076 0.0333404) 2650 39.6718 0 (0 0 0) (0 0 0)
5.480000e+02	5 (0 0.382349 0.264978 0.352673) (23.5 0.210641 1.4505) 78 32972 2 32972 0.772397 0 3819 1 -1 1 2.12e-05 0 (0.515697 0.0314014 0.0261749) 2650 39.7724 0 (0 0 0) (0 0 0)
5.480000e+02	5 (0 0.395509 0.287395 0.317097) (23.5 0.211933 1.16825) 284 32950 2 32950 0.415345 0 3535 1 -1 1 2.12e-05 0 (0.512154 -0.0320203 0.129039) 2650 39.4153 0 (0 0 0) (0 0 0)
5.480000e+02	5 (0 0.00707591 0.884935 0.107989) (23.5 0.255089 1.19481) 284 32950 2 32950 0.846463 0 3534 1 -1 1 2.12e-05 0 (0.524614 -0.0219496 0.116916) 2650 39.8465 0 (0 0 0) (0 0 0)
5.480000e+02	5 (0 0.0811136 0.770581 0.148305) (23.5 0.175459 1.18996) 216 32943 2 32943 0.713636 0 3558 1 -1 1 2.12e-05 0 (0.513818 -0.0274847 0.133949) 2650 39.7136 0 (0 0 0) (0 0 0)
5.480000e+02	5 (0 0.280129 0.471941 0.247931) (23.5 0.242999 1.28516) 159 32964 1 32964 0.755113 0 4074 1 -1 1 1.25e-05 0 (0.523726 0.0143622 0.0780389) 2650 38.7551 0 (0 0 0) (0 0 0)
5.480000e+02	5 (0 0.3547 0.122071 0.523229) (23.5 0.0828936 1.48345) 16 33033 2 33033 0.313625 0 4098 1 -1 1 1.25e-05 0 (0.511079 0.0247453 0.0365306) 2650 38.3136 0 (0 0 0) (0 0 0)
5.480000e+02	5 (0 0.0703097 0.694488 0.235202) (23.5 0.0636202 1.52032) 16 33033 2 33033 0.552608 0 4099 1 -1 1 1.25e-05 0 (0.508905 0.0214326 0.0132925) 2650 38.5526 0 (0 0 0) (0 0 0)
5.480000e+02	5 (0 0.153263 0.489074 0.357663) (23.5 0.181055 1.43312) 51 32963 1 32963 0.42072 0 4117 1 -1 1 1.25e-05 0 (0.517094 0.0360621 0.0405876) 2650 38.4207 0 (0 0 0) (0 0 0)
5.480000e+02	5 (0 0.164902 0.569031 0.266066) (23.5 0.162296 1.46479) 51 32963 2 32963 0.391686 0 4118 1 -1 1 1.25e-05 0 (0.515327 0.0320991 0.0326) 2650 38.3917 0 (0 0 0) (0 0 0)
5.480000e+02	5 (0 0.812414 0.137639 0.0499464) (23.5 0.111909 1.48446) 16 33033 2 33033 0.10451 0 4119 1 -1 1 1.25e-05 0 (0.514031 0.0298884 0.0300167) 2650 38.1045 0 (0 0 0) (0 0 0)
5.480000e+02	5 (0 0.294835 0.0298253 0.675339) (23.5 0.171422 1.45419) 51 32963 1 32963 0.440343 0 4138 1 -1 1 1.25e-05 0 (0.515665 0.0325452 0.0369755) 2650 38.4403 0 (0 0 0) (0 0 0)
5.480000e+02	5 (0 0.126654 0.0340304 0.839316) (23.5 0.132595 1.47783) 30 33034 2 33034 0.14812 0 4139 1 -1 1 1.25e-05 0 (0.515157 0.031873 0.0309952) 2650 38.1481 0 (0 0 0) (0 0 0)
5.480000e+02	5 (0 0.168309 0.344981 0.48671) (23.5 0.18001 1.4417) 51 32963 1 32963 0.472144 0 4158 1 -1 1 1.25e-05 0 (0.516555 0.0348878 0.037721) 2650 38.4721 0 (0 0 0) (0 0 0)
5.480000e+02	5 (0 0.125519 0.292193 0.582287) (23.5 0.132367 1.49445) 30 33034 2 33034 0.201106 0 4159 1 -1 1 1.25e-05 0 (0.514565 0.031142 0.0221735) 2650 38.2011 0 (0 0 0) (0 0 0)
5.480000e+02	5 (0 0.0348293 0.663611 0.301559) (23.5 0.189068 1.42943) 51 32963 1 32963 0.523913 0 4178 1 -1 1 1.25e-05 0 (0.517435 0.0372421 0.0381469) 2650 38.5239 0 (0 0 0) (0 0 0)
5.480000e+02	5 (0 0.292415 0.32477 0.382815) (23.5 0.143557 1.4966) 30 33034 2 33034 0.323805 0 4179 1 -1 1 1.25e-05 0 (0.514374 0.0309755 0.0185055) 2650 38.3238 0 (0 0 0) (0 0 0)
5.480000e+02	5 (0 0.833611 0.140148 0.0262408) (23.5 0.203541 1.41116) 78 32972 1 32972 0.62082 0 4197 1 -1 1 1.25e-05 0 (0.518324 0.0381558 0.0412419) 2650 38.6208 0 (0 0 0) (0 0 0)
5.480000e+02	5 (0 0.838408 0.073077 0.0885154) (23.5 0.19677 1.42014) 78 32972 2 32972 0.587402 0 4198 1 -1 1 1.25e-05 0 (0.517905 0.03769 0.0400048) 2650 38.5874 0 (0 0 0) (0 0 0)
5.480000e+02	5 (0 0.253199 0.563513 0.183288) (23.5 0.140782 1.51197) 30 33034 2 33034 0.326875 0 4199 1 -1 1 1.25e-05 0 (0.513852 0.0303164 0.0109314) 2650 38.3269 0 (0 0 0) (0 0 0)
5.480000e+02	5 (0 0.116799 0.346008 0.537193) (23.5 0.183479 1.44507) 51 32963 1 32963 0.584543 0 4218 1 -1 1 1.25e-05 0 (0.516399 0.034772 0.0347083) 2650 38.5845 0 (0 0 0) (0 0 0)
5.480000e+02	5 (0 0.36539 0.0254962 0.609113) (23.5 0.149913 1.51658) 30 33034 1 33034 0.462232 0 4219 1 -1 1 1.25e-05 0 (0.513597 0.0300032 0.00678111) 2650 38.4622 0 (0 0 0) (0 0 0)
5.480000e+02	5 (0 0.0663174 0.402012 0.531671) (23.5 0.186891 1.44473) 51 32963 1 32963 0.642695 0 4217 1 -1 1 1.25e-05 0 (0.516471 0.0351207 0.0331886) 2650 38.6427 0 (0 0 0) (0 0 0)
5.480000e+02	5 (0 0.44767 0.323837 0.228493) (23.5 0.145604 1.37789) 79 32961 2 32961 0.808036 0 4097 1 -1 1 1.25e-05 0 (0.519235 0.0318363 0.0886342) 2650 38.808 0 (0 0 0) (0 0 0)
5.480000e+02	5 (0 0.474182 0.460504 0.0653136) (23.5 0.22958 1.41382) 78 32972 1 32972 0.828991 0 3818 1 -1 1 2.12e-05 0 (0.517598 0.0344205 0.0334454) 2650 39.829 0 (0 0 0) (0 0 0)
5.480000e+02	5 (0 0.291206 0.282408 0.426386) (23.5 0.161386 1.52133) 30 33034 1 33034 0.72275 0 4239 1 -1 1 1.25e-05 0 (0.513336 0.0292027 0.00537591) 2650 38.7228 0 (0 0 0) (0 0 0)
5.480000e+02	5 (0 0.205002 0.0025443 0.792454) (23.5 0.676069 1.03841) 1276 33045 2 33045 0.871162 0 2137 1 -1 1 7.5e-05 0 (0.510828 0.0207476 0.200565) 2650 42.8712 0 (0 0 0) (0 0 0)
5.480000e+02	5 (0 0.736595 0.0180979 0.245307) (23.5 0.361213 1.14337) 455 32954 1 32954 0.975113 0 3259 1 -1 1 3.26e-05 0 (0.530533 -0.0049666 0.151243) 2650 40.9751 0 (0 0 0) (0 0 0)
5.480000e+02	5 (0 0.351583 0.237297 0.411121) (23.5 0.281605 1.31414) 214 32965 2 32965 0.945313 0 3438 1 -1 1 3.26e-05 0 (0.522841 0.0230343 0.0543746) 2650 40.9453 0 (0 0 0) (0 0 0)
5.480000e+02	5 (0 0.0430566 0.866118 0.0908251) (23.5 0.260404 1.34595) 114 32966 1 32966 0.845561 0 3777 1 -1 1 2.12e-05 0 (0.521614 0.0318539 0.0460105) 2650 39.8456 0 (0 0 0) (0 0 0)
5.480000e+02	5 (0 0.792669 0.0415694 0.165762) (23.5 0.279202 1.27919) 214 32965 1 32965 0.897383 0 3779 1 -1 1 2.12e-05 0 (0.524575 0.0130769 0.0700365) 2650 39.8974 0 (0 0 0) (0 0 0)
5.480000e+02	5 (0 0.0359599 0.19175 0.77229) (23.5 0.188586 1.17984) 216 32943 1 32943 0.866793 0 4075 1 -1 1 1.25e-05 0 (0.51229 -0.0323282 0.1283) 2650 38.8668 0 (0 0 0) (0 0 0)
5.480000e+02	5 (0 0.0497171 0.394048 0.556235) (23.5 0.187756 1.16502) 216 32943 1 32943 0.88605 0 4095 1 -1 1 1.25e-05 0 (0.507855 -0.034204 0.133023) 2650 38.886 0 (0 0 0) (0 0 0)
5.480000e+02	5 (0 0.274168 0.0651065 0.660725) (23.5 0.268418 1.31975) 214 32965 2 32965 0.962022 0 3797 1 -1 1 2.12e-05 0 (0.52286 0.0254568 0.0544042) 2650 39.962 0 (0 0 0) (0 0 0)
5.480000e+02	5 (0 0.112145 0.615382 0.272473) (23.5 0.255472 1.35865) 114 32966 1 32966 0.909598 0 3817 1 -1 1 2.12e-05 0 (0.520681 0.0318858 0.0441128) 2650 39.9096 0 (0 0 0) (0 0 0)
5.480000e+02	5 (0 0.798512 0.113052 0.0884356) (23.5 0.177671 1.48312) 30 33034 2 33034 0.877663 0 4236 1 -1 1 1.25e-05 0 (0.51451 0.0313505 0.0180134) 2650 38.8777 0 (0 0 0) (0 0 0)
5.480000e+02	5 (0 0.358542 0.314966 0.326492) (23.5 0.168039 1.51702) 30 33034 1 33034 0.862097 0 4237 1 -1 1 1.25e-05 0 (0.513426 0.0292846 0.00665139) 2650 38.8621 0 (0 0 0) (0 0 0)
5.480000e+02	5 (0 0.393456 0.245575 0.360968) (23.5 0.165948 1.51478) 30 33034 1 33034 0.795832 0 4238 1 -1 1 1.25e-05 0 (0.51352 0.0295363 0.00731274) 2650 38.7958 0 (0 0 0) (0 0 0)
5.480000e+02	5 (0 0.134561 0.195893 0.669546) (23.5 0.137241 1.4667) 51 32963 2 32963 0.937945 0 4679 1 -1 1 8.9e-06 0 (0.515512 0.0322046 0.0370506) 2650 37.9379 0 (0 0 0) (0 0 0)
5.480000e+02	5 (0 0.315861 0.674185 0.00995382) (23.5 0.263186 1.05452) 457 33092 1 33092 0.999522 0 3038 1 -1 1 3.26e-05 0 (0.507308 -0.00931621 0.203286) 2650 40.9995 0 (0 0 0) (0 0 0)
5.490000e+02	5 (0 0.740074 0.125309 0.134616) (23.5 0.716736 1.02041) 1458 33044 2 33044 0.0408303 0 2056 1 -1 1 7.5e-05 0 (0.498889 0.0261243 0.209865) 2650 43.0408 0 (0 0 0) (0 0 0)
5.490000e+02	5 (0 0.0526607 0.711878 0.235461) (23.5 0.740385 1.01271) 1848 33046 2 33046 0.614684 0 2076 1 -1 1 7.5e-05 0 (0.42981 0.0233403 0.183805) 2650 43.6147 0 (0 0 0) (0 0 0)
5.490000e+02	5 (0 0.418329 0.539727 0.0419443) (23.5 0.692295 1.02891) 1458 33044 2 33044 0.0750846 0 2035 1 -1 1 7.5e-05 0 (0.50551 0.0257993 0.205668) 2650 43.0751 0 (0 0 0) (0 0 0)
5.490000e+02	5 (0 0.368485 0.146039 0.485475) (23.5 0.774678 1.03083) 1648 33047 1 33047 0.685752 0 2034 1 -1 1 7.5e-05 0 (0.503129 0.0261045 0.206102) 2650 43.6858 0 (0 0 0) (0 0 0)
5.490000e+02	5 (0 0.384777 0.18323 0.431993) (23.5 0.611286 1.04265) 1109 33042 2 33042 0.372191 0 2571 1 -1 1 5.3e-05 0 (0.516994 0.020884 0.19957) 2650 42.3722 0 (0 0 0) (0 0 0)
5.490000e+02	5 (0 0.254185 0.146268 0.599547) (23.5 0.520475 1.02083) 1110 33022 2 33022 0.128911 0 2551 1 -1 1 5.3e-05 0 (0.506503 0.00397383 0.211187) 2650 42.1289 0 (0 0 0) (0 0 0)
5.490000e+02	5 (0 0.386549 0.49545 0.118001) (23.5 0.549331 1.06953) 808 32976 1 32976 0.330253 0 2336 1 -1 1 7.5e-05 0 (0.527706 0.017893 0.180464) 2650 43.3303 0 (0 0 0) (0 0 0)
5.490000e+02	5 (0 0.838643 0.0183702 0.142987) (23.5 0.512976 1.07115) 808 32976 1 32976 0.0723423 0 2757 1 -1 1 5.3e-05 0 (0.52887 0.0129135 0.18129) 2650 42.0723 0 (0 0 0) (0 0 0)
5.490000e+02	5 (0 0.396574 0.127285 0.476141) (23.5 0.468109 1.09266) 679 32949 1 32949 0.261423 0 2859 1 -1 1 5.3e-05 0 (0.531623 0.00962653 0.169598) 2650 42.2614 0 (0 0 0) (0 0 0)
5.490000e+02	5 (0 0.388095 0.575478 0.0364265) (23.5 0.45079 1.05189) 809 33020 2 33020 0.189661 0 3109 1 -1 1 3.26e-05 0 (0.524039 0.000150095 0.194859) 2650 41.1897 0 (0 0 0) (0 0 0)
5.490000e+02	5 (0 0.0620885 0.530384 0.407527) (23.5 0.504997 1.05084) 954 33023 2 33023 0.53027 0 3129 1 -1 1 3.26e-05 0 (0.523619 0.00821852 0.194537) 2650 41.5303 0 (0 0 0) (0 0 0)
5.490000e+02	5 (0 0.169906 0.0783233 0.751771) (23.5 0.346388 1.18353) 455 32954 2 32954 0.00947678 0 2959 1 -1 1 5.3e-05 0 (0.53137 0.00447797 0.114869) 2650 42.0095 0 (0 0 0) (0 0 0)
5.490000e+02	5 (0 0.37017 0.211659 0.418172) (23.5 0.688419 1.04334) 1276 33045 2 33045 0.101017 0 2257 1 -1 1 7.5e-05 0 (0.513427 0.0265385 0.19941) 2650 43.101 0 (0 0 0) (0 0 0)
5.490000e+02	5 (0 0.0543324 0.143518 0.80215) (23.5 0.596364 1.03722) 1277 33041 1 33041 0.229584 0 2590 1 -1 1 5.3e-05 0 (0.515299 0.0183666 0.202448) 2650 42.2296 0 (0 0 0) (0 0 0)
5.490000e+02	5 (0 0.0110086 0.532648 0.456343) (23.5 0.810211 1.05105) 1647 33051 2 33051 0.964498 0 2075 1 -1 1 7.5e-05 0 (0.509699 0.0260407 0.198259) 2650 43.9645 0 (0 0 0) (0 0 0)
5.490000e+02	5 (0 0.207039 0.733219 0.0597415) (23.5 0.676291 1.03287) 1458 33044 2 33044 0.714543 0 2609 1 -1 1 5.3e-05 0 (0.508825 0.0253905 0.205924) 2650 42.7145 0 (0 0 0) (0 0 0)
5.490000e+02	5 (0 0.211132 0.489674 0.299194) (23.5 0.436436 1.00873) 1111 33018 2 33018 0.947507 0 2537 1 -1 1 5.3e-05 0 (0.383257 -0.00940558 0.164328) 2650 42.9475 0 (0 0 0) (0 0 0)
5.490000e+02	5 (0 0.111156 0.33793 0.550915) (23.5 0.536121 1.05929) 954 33023 1 33023 0.825507 0 3110 1 -1 1 3.26e-05 0 (0.5261 0.0146092 0.189395) 2650 41.8255 0 (0 0 0) (0 0 0)
5.490000e+02	5 (0 0.10208 0.797731 0.100189) (23.5 0.491791 1.06838) 679 32949 1 32949 0.588558 0 3071 1 -1 1 3.26e-05 0 (0.528813 0.00967143 0.18385) 2650 41.5886 0 (0 0 0) (0 0 0)
5.490000e+02	5 (0 0.1871 0.428263 0.384637) (23.5 0.434545 1.02661) 955 33019 2 33019 0.567268 0 3089 1 -1 1 3.26e-05 0 (0.511047 -0.00834976 0.210015) 2650 41.5673 0 (0 0 0) (0 0 0)
5.490000e+02	5 (0 0.025738 0.452478 0.521785) (23.5 0.502073 1.02711) 1110 33022 2 33022 0.833355 0 3108 1 -1 1 3.26e-05 0 (0.511215 0.00239862 0.20914) 2650 41.8334 0 (0 0 0) (0 0 0)
5.490000e+02	5 (0 0.0490799 0.0458036 0.905116) (23.5 0.50395 1.03941) 954 33023 2 33023 0.760974 0 2516 1 -1 1 5.3e-05 0 (0.519113 0.00547568 0.200587) 2650 42.761 0 (0 0 0) (0 0 0)
5.490000e+02	5 (0 0.615314 0.0287363 0.355949) (23.5 0.50231 1.08676) 808 32976 2 32976 0.644656 0 2836 1 -1 1 5.3e-05 0 (0.530895 0.01394 0.172254) 2650 42.6447 0 (0 0 0) (0 0 0)
5.490000e+02	5 (0 0.333368 0.111907 0.554725) (23.5 0.473191 1.09774) 679 32949 1 32949 0.991482 0 3258 1 -1 1 3.26e-05 0 (0.532226 0.0111777 0.168187) 2650 41.9915 0 (0 0 0) (0 0 0)
5.490000e+02	5 (0 0.385177 0.525836 0.0889872) (23.5 0.461869 1.10162) 679 32949 2 32949 0.942381 0 3279 1 -1 1 3.26e-05 0 (0.532682 0.00987585 0.166226) 2650 41.9424 0 (0 0 0) (0 0 0)
5.490000e+02	5 (0 0.514301 0.322909 0.16279) (23.5 0.378829 1.1377) 455 32954 1 32954 0.354037 0 3317 1 -1 1 3.26e-05 0 (0.532726 0.000192268 0.150293) 2650 41.354 0 (0 0 0) (0 0 0)
5.490000e+02	5 (0 0.547511 0.18224 0.270248) (23.5 0.354725 1.1576) 455 32954 2 32954 0.154326 0 3337 1 -1 1 3.26e-05 0 (0.531299 0.000113885 0.137276) 2650 41.1543 0 (0 0 0) (0 0 0)
5.490000e+02	5 (0 0.0633537 0.0852329 0.851413) (23.5 0.335318 1.185) 363 32951 1 32951 0.155942 0 3358 1 -1 1 3.26e-05 0 (0.530583 0.00279474 0.115166) 2650 41.1559 0 (0 0 0) (0 0 0)
5.490000e+02	5 (0 0.571767 0.0958462 0.332386) (23.5 0.427291 1.08956) 679 32949 2 32949 0.454002 0 3033 1 -1 1 3.26e-05 0 (0.531254 0.00238788 0.173354) 2650 41.454 0 (0 0 0) (0 0 0)
5.490000e+02	5 (0 0.0939803 0.863373 0.0426469) (23.5 0.427138 1.05868) 809 33020 2 33020 0.717745 0 2515 1 -1 1 5.3e-05 0 (0.526594 -0.00195984 0.189428) 2650 42.7177 0 (0 0 0) (0 0 0)
5.490000e+02	5 (0 0.0767174 0.136598 0.786684) (23.5 0.334478 1.11275) 456 32947 1 32947 0.186948 0 3032 1 -1 1 3.26e-05 0 (0.528075 -0.00953403 0.171244) 2650 41.1869 0 (0 0 0) (0 0 0)
5.490000e+02	5 (0 0.3265 0.277236 0.396264) (23.5 0.362251 1.10543) 563 32948 2 32948 0.509442 0 3551 1 -1 1 2.12e-05 0 (0.529464 -0.00693461 0.172624) 2650 40.5094 0 (0 0 0) (0 0 0)
5.490000e+02	5 (0 0.241917 0.359326 0.398757) (23.5 0.40036 1.08766) 563 32948 1 32948 0.710591 0 3590 1 -1 1 2.12e-05 0 (0.529749 -0.0022663 0.177498) 2650 40.7106 0 (0 0 0) (0 0 0)
5.490000e+02	5 (0 0.0249352 0.890065 0.0849999) (23.5 0.417602 1.06739) 563 32948 1 32948 0.755863 0 3609 1 -1 1 2.12e-05 0 (0.528396 -0.00201587 0.186663) 2650 40.7559 0 (0 0 0) (0 0 0)
5.490000e+02	5 (0 0.348886 0.336502 0.314612) (23.5 0.289631 1.10402) 456 32947 2 32947 0.127453 0 3016 1 -1 1 3.26e-05 0 (0.520425 -0.013448 0.177117) 2650 41.1275 0 (0 0 0) (0 0 0)
5.490000e+02	5 (0 0.592244 0.0379044 0.369851) (23.5 0.386885 1.03923) 680 33014 2 33014 0.987716 0 3570 1 -1 1 2.12e-05 0 (0.517707 -0.0125511 0.205558) 2650 40.9877 0 (0 0 0) (0 0 0)
5.490000e+02	5 (0 0.180128 0.718922 0.10095) (23.5 0.243129 1.18296) 284 32950 2 32950 0.0525266 0 3015 1 -1 1 3.26e-05 0 (0.521242 -0.0259375 0.116666) 2650 41.0525 0 (0 0 0) (0 0 0)
5.490000e+02	5 (0 0.0717994 0.0647135 0.863487) (23.5 0.274313 1.06027) 564 33017 1 33017 0.91474 0 3538 1 -1 1 2.12e-05 0 (0.511966 -0.0067309 0.20221) 2650 40.9147 0 (0 0 0) (0 0 0)
5.490000e+02	5 (0 0.0176706 0.230527 0.751802) (23.5 0.190121 1.11076) 285 32941 1 32941 0.115773 0 4055 1 -1 1 1.25e-05 0 (0.494286 -0.0405722 0.145455) 2650 39.1158 0 (0 0 0) (0 0 0)
5.490000e+02	5 (0 0.026097 0.157534 0.816369) (23.5 0.202775 1.12509) 364 32946 2 32946 0.346171 0 4035 1 -1 1 1.25e-05 0 (0.50274 -0.0408866 0.145077) 2650 39.3462 0 (0 0 0) (0 0 0)
5.490000e+02	5 (0 0.163178 0.603964 0.232857) (23.5 0.309649 1.25543) 283 32953 2 32953 0.104536 0 2958 1 -1 1 5.3e-05 0 (0.526443 0.0131035 0.069569) 2650 42.1045 0 (0 0 0) (0 0 0)
5.490000e+02	5 (0 0.357155 0.0575964 0.585248) (23.5 0.344789 1.17067) 455 32954 2 32954 0.890289 0 3755 1 -1 1 2.12e-05 0 (0.531211 0.00150068 0.127303) 2650 40.8903 0 (0 0 0) (0 0 0)
5.490000e+02	5 (0 0.530177 0.134179 0.335644) (23.5 0.350908 1.15879) 455 32954 2 32954 0.787184 0 3757 1 -1 1 2.12e-05 0 (0.531228 -0.000200307 0.13694) 2650 40.7872 0 (0 0 0) (0 0 0)
5.490000e+02	5 (0 0.0725386 0.15414 0.773322) (23.5 0.334634 1.17964) 363 32951 1 32951 0.797064 0 3775 1 -1 1 2.12e-05 0 (0.530433 0.0014371 0.120144) 2650 40.7971 0 (0 0 0) (0 0 0)
5.490000e+02	5 (0 0.456003 0.391906 0.152092) (23.5 0.293421 1.23438) 283 32953 2 32953 0.319059 0 3776 1 -1 1 2.12e-05 0 (0.52659 0.0013344 0.0853993) 2650 40.3191 0 (0 0 0) (0 0 0)
5.490000e+02	5 (0 0.137067 0.797148 0.065784) (23.5 0.324626 1.1858) 363 32951 2 32951 0.530176 0 3778 1 -1 1 2.12e-05 0 (0.529504 -0.000158502 0.115398) 2650 40.5302 0 (0 0 0) (0 0 0)
5.490000e+02	5 (0 0.018762 0.269054 0.712184) (23.5 0.338766 1.17544) 363 32951 1 32951 0.849364 0 3795 1 -1 1 2.12e-05 0 (0.530958 0.00150776 0.123533) 2650 40.8494 0 (0 0 0) (0 0 0)
5.490000e+02	5 (0 0.452098 0.39274 0.155162) (23.5 0.293484 1.23466) 283 32953 2 32953 0.332984 0 3796 1 -1 1 2.12e-05 0 (0.526587 0.0014687 0.0852364) 2650 40.333 0 (0 0 0) (0 0 0)
5.490000e+02	5 (0 0.757332 0.174267 0.0684007) (23.5 0.2819 1.27214) 214 32965 1 32965 0.170344 0 3816 1 -1 1 2.12e-05 0 (0.525722 0.0146249 0.0669488) 2650 40.1703 0 (0 0 0) (0 0 0)
5.490000e+02	5 (0 0.121619 0.0159227 0.862459) (23.5 0.330855 1.18576) 363 32951 1 32951 0.811603 0 3836 1 -1 1 2.12e-05 0 (0.529964 0.00187828 0.115153) 2650 40.8116 0 (0 0 0) (0 0 0)
5.490000e+02	5 (0 0.0623969 0.103803 0.8338) (23.5 0.335395 1.18379) 363 32951 1 32951 0.94111 0 3838 1 -1 1 2.12e-05 0 (0.530579 0.00254519 0.116698) 2650 40.9411 0 (0 0 0) (0 0 0)
5.490000e+02	5 (0 0.27023 0.724988 0.00478161) (23.5 0.24386 1.39063) 114 32966 2 32966 0.119641 0 3839 1 -1 1 2.12e-05 0 (0.518884 0.0335993 0.0367105) 2650 40.1196 0 (0 0 0) (0 0 0)
5.490000e+02	5 (0 0.213636 0.0101471 0.776217) (23.5 0.247808 1.25113) 215 32952 1 32952 0.0114782 0 4054 1 -1 1 1.25e-05 0 (0.524508 0.00181399 0.0825116) 2650 39.0115 0 (0 0 0) (0 0 0)
5.490000e+02	5 (0 0.128627 0.334249 0.537124) (23.5 0.289117 1.18641) 363 32951 2 32951 0.764865 0 4216 1 -1 1 1.25e-05 0 (0.527492 -0.0124614 0.116969) 2650 39.7649 0 (0 0 0) (0 0 0)
5.490000e+02	5 (0 0.830633 0.0221186 0.147249) (23.5 0.276404 1.20585) 283 32953 1 32953 0.573097 0 4235 1 -1 1 1.25e-05 0 (0.526919 -0.0135174 0.103821) 2650 39.5731 0 (0 0 0) (0 0 0)
5.490000e+02	5 (0 0.366484 0.087498 0.546018) (23.5 0.237148 1.37776) 114 32966 1 32966 0.296997 0 4256 1 -1 1 1.25e-05 0 (0.519903 0.0343003 0.0435503) 2650 39.297 0 (0 0 0) (0 0 0)
5.490000e+02	5 (0 0.0109909 0.0772079 0.911801) (23.5 0.190546 1.47003) 51 32963 1 32963 0.128531 0 4257 1 -1 1 1.25e-05 0 (0.515595 0.0338179 0.0207249) 2650 39.1285 0 (0 0 0) (0 0 0)
5.490000e+02	5 (0 0.702201 0.144611 0.153188) (23.5 0.180381 1.49499) 30 33034 1 33034 0.0814128 0 4258 1 -1 1 1.25e-05 0 (0.51472 0.0319565 0.0126554) 2650 39.0814 0 (0 0 0) (0 0 0)
5.490000e+02	5 (0 0.516723 0.281342 0.201936) (23.5 0.176596 1.50688) 30 33034 1 33034 0.0476553 0 4259 1 -1 1 1.25e-05 0 (0.514391 0.0311507 0.00927569) 2650 39.0477 0 (0 0 0) (0 0 0)
5.490000e+02	5 (0 0.116552 0.553536 0.329912) (23.5 0.231519 1.40134) 114 32966 2 32966 0.682181 0 4275 1 -1 1 1.25e-05 0 (0.51867 0.0360566 0.0357446) 2650 39.6822 0 (0 0 0) (0 0 0)
5.490000e+02	5 (0 0.315205 0.634297 0.0504979) (23.5 0.237268 1.38747) 114 32966 2 32966 0.657786 0 4276 1 -1 1 1.25e-05 0 (0.519256 0.0343409 0.0402391) 2650 39.6578 0 (0 0 0) (0 0 0)
5.490000e+02	5 (0 0.661454 0.0810307 0.257515) (23.5 0.269553 1.2917) 214 32965 2 32965 0.687426 0 4277 1 -1 1 1.25e-05 0 (0.524623 0.0186493 0.0609769) 2650 39.6874 0 (0 0 0) (0 0 0)
5.490000e+02	5 (0 0.0749625 0.0245618 0.900476) (23.5 0.193073 1.47092) 78 32972 2 32972 0.254224 0 4278 1 -1 1 1.25e-05 0 (0.515491 0.0334371 0.0197656) 2650 39.2542 0 (0 0 0) (0 0 0)
5.490000e+02	5 (0 0.746603 0.163457 0.0899401) (23.5 0.184599 1.49214) 30 33034 1 33034 0.231539 0 4279 1 -1 1 1.25e-05 0 (0.514781 0.0320309 0.0134645) 2650 39.2315 0 (0 0 0) (0 0 0)
5.490000e+02	5 (0 0.550918 0.28674 0.162342) (23.5 0.212261 1.43929) 78 32972 2 32972 0.665783 0 4296 1 -1 1 1.25e-05 0 (0.517016 0.0342695 0.0294943) 2650 39.6658 0 (0 0 0) (0 0 0)
5.490000e+02	5 (0 0.277829 0.173953 0.548219) (23.5 0.203992 1.45744) 78 32972 2 32972 0.624377 0 4297 1 -1 1 1.25e-05 0 (0.516072 0.0332795 0.0235687) 2650 39.6244 0 (0 0 0) (0 0 0)
5.490000e+02	5 (0 0.666054 0.307548 0.0263975) (23.5 0.188396 1.49731) 30 33034 1 33034 0.505986 0 4298 1 -1 1 1.25e-05 0 (0.514608 0.031486 0.0119968) 2650 39.506 0 (0 0 0) (0 0 0)
5.490000e+02	5 (0 0.0472818 0.0541183 0.8986) (23.5 0.195219 1.47276) 78 32972 2 32972 0.430564 0 4299 1 -1 1 1.25e-05 0 (0.515322 0.032779 0.0187909) 2650 39.4306 0 (0 0 0) (0 0 0)
5.490000e+02	5 (0 0.380451 0.220784 0.398765) (23.5 0.207423 1.45062) 78 32972 2 32972 0.661315 0 4316 1 -1 1 1.25e-05 0 (0.516419 0.0335912 0.025755) 2650 39.6613 0 (0 0 0) (0 0 0)
5.490000e+02	5 (0 0.0359558 0.109136 0.854909) (23.5 0.193501 1.4829) 50 33035 2 33035 0.64084 0 4317 1 -1 1 1.25e-05 0 (0.514951 0.0320479 0.0157653) 2650 39.6408 0 (0 0 0) (0 0 0)
5.490000e+02	5 (0 0.000370689 0.316625 0.683004) (23.5 0.190179 1.4962) 50 33035 2 33035 0.632571 0 4318 1 -1 1 1.25e-05 0 (0.514628 0.031506 0.0123086) 2650 39.6326 0 (0 0 0) (0 0 0)
5.490000e+02	5 (0 0.432786 0.520285 0.0469291) (23.5 0.186254 1.51226) 30 33034 1 33034 0.605217 0 4319 1 -1 1 1.25e-05 0 (0.514182 0.0303791 0.00774616) 2650 39.6052 0 (0 0 0) (0 0 0)
5.490000e+02	5 (0 0.188909 0.478641 0.33245) (23.5 0.0909149 1.39566) 52 32960 2 32960 0.95562 0 3019 1 -1 1 3.26e-05 0 (0.515492 0.0236688 0.09908) 2650 41.9556 0 (0 0 0) (0 0 0)
5.490000e+02	5 (0 0.413771 0.573593 0.0126358) (23.5 0.23241 1.23751) 215 32952 2 32952 0.410681 0 3515 1 -1 1 2.12e-05 0 (0.523005 -0.0067096 0.091891) 2650 40.4107 0 (0 0 0) (0 0 0)
5.490000e+02	5 (0 0.202305 0.753241 0.0444542) (23.5 0.108274 1.39486) 52 32960 2 32960 0.621401 0 4078 1 -1 1 1.25e-05 0 (0.518132 0.0287122 0.095176) 2650 39.6214 0 (0 0 0) (0 0 0)
5.490000e+02	5 (0 0.401295 0.0531178 0.545587) (23.5 0.164259 1.44552) 51 32963 1 32963 0.118746 0 4617 1 -1 1 8.9e-06 0 (0.517236 0.0344991 0.0442524) 2650 38.1187 0 (0 0 0) (0 0 0)
5.490000e+02	5 (0 0.115012 0.510656 0.374332) (23.5 0.0668505 1.50847) 16 33033 2 33033 0.26874 0 4618 1 -1 1 8.9e-06 0 (0.509774 0.0224299 0.0216233) 2650 38.2687 0 (0 0 0) (0 0 0)
5.490000e+02	5 (0 0.488139 0.352654 0.159207) (23.5 0.228162 1.35069) 114 32966 1 32966 0.551284 0 4637 1 -1 1 8.9e-06 0 (0.521997 0.0355662 0.055067) 2650 38.5513 0 (0 0 0) (0 0 0)
5.490000e+02	5 (0 0.260148 0.0445124 0.69534) (23.5 0.141554 1.47854) 30 33034 2 33034 0.0384736 0 4638 1 -1 1 8.9e-06 0 (0.515727 0.0330725 0.0286888) 2650 38.0385 0 (0 0 0) (0 0 0)
5.490000e+02	5 (0 0.294168 0.61782 0.0880121) (23.5 0.16555 1.45619) 51 32963 2 32963 0.206787 0 4658 1 -1 1 8.9e-06 0 (0.516607 0.033774 0.0377288) 2650 38.2068 0 (0 0 0) (0 0 0)
5.490000e+02	5 (0 0.142936 0.749754 0.10731) (23.5 0.0681113 1.52388) 16 33033 2 33033 0.0925412 0 4659 1 -1 1 8.9e-06 0 (0.509713 0.0228214 0.00994685) 2650 38.0925 0 (0 0 0) (0 0 0)
5.490000e+02	5 (0 0.933386 0.0438837 0.0227305) (23.5 0.194666 1.41382) 78 32972 2 32972 0.361532 0 4678 1 -1 1 8.9e-06 0 (0.51908 0.0411143 0.0415185) 2650 38.3615 0 (0 0 0) (0 0 0)
5.490000e+02	5 (0 0.194795 0.650214 0.154991) (23.5 0.238075 1.32549) 159 32964 2 32964 0.653543 0 4697 1 -1 1 8.9e-06 0 (0.522878 0.0296605 0.0596468) 2650 38.6535 0 (0 0 0) (0 0 0)
5.490000e+02	5 (0 0.215224 0.226909 0.557867) (23.5 0.207812 1.39439) 114 32966 2 32966 0.449405 0 4698 1 -1 1 8.9e-06 0 (0.51977 0.0390195 0.0456094) 2650 38.4494 0 (0 0 0) (0 0 0)
5.490000e+02	5 (0 0.150549 0.392862 0.456589) (23.5 0.133989 1.50095) 30 33034 2 33034 0.0368485 0 4699 1 -1 1 8.9e-06 0 (0.515001 0.0321106 0.0184444) 2650 38.0368 0 (0 0 0) (0 0 0)
5.490000e+02	5 (0 0.530989 0.407737 0.0612742) (23.5 0.22075 1.37235) 114 32966 2 32966 0.543114 0 4717 1 -1 1 8.9e-06 0 (0.520585 0.0357464 0.0516717) 2650 38.5431 0 (0 0 0) (0 0 0)
5.490000e+02	5 (0 0.426262 0.351117 0.222622) (23.5 0.216702 1.37966) 114 32966 2 32966 0.524346 0 4718 1 -1 1 8.9e-06 0 (0.520307 0.036797 0.0495918) 2650 38.5243 0 (0 0 0) (0 0 0)
5.490000e+02	5 (0 0.165301 0.590396 0.244303) (23.5 0.134863 1.51367) 30 33034 2 33034 0.0805702 0 4719 1 -1 1 8.9e-06 0 (0.514526 0.0315526 0.0113801) 2650 38.0806 0 (0 0 0) (0 0 0)
5.490000e+02	5 (0 0.876281 0.105495 0.0182244) (23.5 0.20045 1.41062) 78 32972 1 32972 0.455973 0 4737 1 -1 1 8.9e-06 0 (0.519097 0.0408129 0.0408104) 2650 38.456 0 (0 0 0) (0 0 0)
5.490000e+02	5 (0 0.0505706 0.631427 0.318002) (23.5 0.188001 1.43052) 51 32963 1 32963 0.410848 0 4738 1 -1 1 8.9e-06 0 (0.518113 0.0390361 0.0373479) 2650 38.4108 0 (0 0 0) (0 0 0)
5.490000e+02	5 (0 0.25938 0.727059 0.0135606) (23.5 0.141101 1.5225) 30 33034 2 33034 0.193323 0 4739 1 -1 1 8.9e-06 0 (0.514128 0.0311531 0.00512388) 2650 38.1933 0 (0 0 0) (0 0 0)
5.490000e+02	5 (0 0.787008 0.0707482 0.142244) (23.5 0.19659 1.42356) 78 32972 2 32972 0.517485 0 4756 1 -1 1 8.9e-06 0 (0.518413 0.0393942 0.0375459) 2650 38.5175 0 (0 0 0) (0 0 0)
5.490000e+02	5 (0 0.64817 0.0245879 0.327242) (23.5 0.167626 1.47738) 30 33034 2 33034 0.460751 0 4757 1 -1 1 8.9e-06 0 (0.515453 0.0330655 0.023044) 2650 38.4608 0 (0 0 0) (0 0 0)
5.490000e+02	5 (0 0.3597 0.143074 0.497227) (23.5 0.157078 1.51694) 30 33034 1 33034 0.46895 0 4758 1 -1 1 8.9e-06 0 (0.5142 0.0310521 0.00648336) 2650 38.4689 0 (0 0 0) (0 0 0)
5.490000e+02	5 (0 0.167456 0.306009 0.526535) (23.5 0.154518 1.52927) 30 33034 1 33034 0.494536 0 4759 1 -1 1 8.9e-06 0 (0.513851 0.0301681 0.0029803) 2650 38.4945 0 (0 0 0) (0 0 0)
5.490000e+02	5 (0 0.043303 0.754171 0.202526) (23.5 0.503488 1.03329) 1110 33022 2 33022 0.514204 0 2532 1 -1 1 5.3e-05 0 (0.515324 0.00404665 0.204144) 2650 42.5142 0 (0 0 0) (0 0 0)
5.490000e+02	5 (0 0.124814 0.418133 0.457053) (23.5 0.543709 1.03577) 1110 33022 1 33022 0.847699 0 3128 1 -1 1 3.26e-05 0 (0.516025 0.0108075 0.204312) 2650 41.8477 0 (0 0 0) (0 0 0)
5.490000e+02	5 (0 0.8413 0.151991 0.00670943) (23.5 0.275658 1.34007) 158 32967 1 32967 0.985353 0 3415 1 -1 1 3.26e-05 0 (0.521919 0.0329555 0.0397754) 2650 41.9854 0 (0 0 0) (0 0 0)
5.490000e+02	5 (0 0.124172 0.563419 0.312409) (23.5 0.232231 1.40081) 114 32966 2 32966 0.736193 0 4295 1 -1 1 1.25e-05 0 (0.518678 0.0359202 0.0357771) 2650 39.7362 0 (0 0 0) (0 0 0)
5.490000e+02	5 (0 0.169761 0.582135 0.248104) (23.5 0.251284 1.35694) 114 32966 1 32966 0.818361 0 4315 1 -1 1 1.25e-05 0 (0.521247 0.0341222 0.0430312) 2650 39.8184 0 (0 0 0) (0 0 0)
5.490000e+02	5 (0 0.56598 0.289554 0.144466) (23.5 0.222943 1.41907) 78 32972 1 32972 0.754508 0 4336 1 -1 1 1.25e-05 0 (0.517926 0.0360117 0.0325788) 2650 39.7545 0 (0 0 0) (0 0 0)
5.490000e+02	5 (0 0.0546762 0.542332 0.402992) (23.5 0.230739 1.40567) 114 32966 2 32966 0.81067 0 4337 1 -1 1 1.25e-05 0 (0.518457 0.0364458 0.034057) 2650 39.8107 0 (0 0 0) (0 0 0)
5.490000e+02	5 (0 0.226711 0.141057 0.632232) (23.5 0.246884 1.24078) 215 32952 1 32952 0.953273 0 4554 1 -1 1 8.9e-06 0 (0.524519 -0.00295568 0.0883575) 2650 38.9533 0 (0 0 0) (0 0 0)
5.490000e+02	5 (0 0.178359 0.587571 0.23407) (23.5 0.250378 1.28415) 159 32964 1 32964 0.882597 0 4736 1 -1 1 8.9e-06 0 (0.524887 0.0162821 0.070912) 2650 38.8826 0 (0 0 0) (0 0 0)
5.490000e+02	5 (0 0.0536572 0.711943 0.2344) (23.5 0.242587 1.33569) 159 32964 2 32964 0.842098 0 4775 1 -1 1 8.9e-06 0 (0.522681 0.0335293 0.0533702) 2650 38.8421 0 (0 0 0) (0 0 0)
5.490000e+02	5 (0 0.561636 0.136341 0.302023) (23.5 0.170327 1.504) 30 33034 1 33034 0.745932 0 4776 1 -1 1 8.9e-06 0 (0.514509 0.0316028 0.010163) 2650 38.7459 0 (0 0 0) (0 0 0)
5.490000e+02	5 (0 0.335659 0.321609 0.342732) (23.5 0.166915 1.51848) 30 33034 1 33034 0.757895 0 4777 1 -1 1 8.9e-06 0 (0.514102 0.0305781 0.00604528) 2650 38.7579 0 (0 0 0) (0 0 0)
5.490000e+02	5 (0 0.228092 0.419365 0.352543) (23.5 0.165905 1.52538) 30 33034 1 33034 0.795623 0 4778 1 -1 1 8.9e-06 0 (0.513905 0.0300683 0.0040852) 2650 38.7956 0 (0 0 0) (0 0 0)
5.490000e+02	5 (0 0.209064 0.439212 0.351724) (23.5 0.165891 1.5266) 30 33034 1 33034 0.821416 0 4779 1 -1 1 8.9e-06 0 (0.513869 0.0299723 0.00373847) 2650 38.8214 0 (0 0 0) (0 0 0)
5.490000e+02	5 (0 0.425707 0.294836 0.279457) (23.5 0.232512 1.21545) 215 32952 1 32952 0.981548 0 4535 1 -1 1 8.9e-06 0 (0.523176 -0.0166219 0.103999) 2650 38.9815 0 (0 0 0) (0 0 0)
5.490000e+02	5 (0 0.273004 0.431798 0.295198) (23.5 0.172979 1.42892) 51 32963 1 32963 0.964633 0 5137 1 -1 1 6.4e-06 0 (0.518262 0.0377043 0.0460178) 2650 37.9646 0 (0 0 0) (0 0 0)
5.490000e+02	5 (0 0.431414 0.514014 0.0545719) (23.5 0.158554 1.44702) 51 32963 2 32963 0.882827 0 5178 1 -1 1 6.4e-06 0 (0.517191 0.034086 0.0456827) 2650 37.8828 0 (0 0 0) (0 0 0)
5.490000e+02	5 (0 0.226476 0.534641 0.238883) (23.5 0.0738733 1.51002) 16 33033 2 33033 0.809064 0 5199 1 -1 1 6.4e-06 0 (0.510474 0.0238089 0.0190954) 2650 37.8091 0 (0 0 0) (0 0 0)
5.490000e+02	5 (0 0.348447 0.253942 0.397611) (23.5 0.141102 1.45247) 51 32963 2 32963 0.7199 0 5219 1 -1 1 6.4e-06 0 (0.517104 0.0339493 0.0461644) 2650 37.7199 0 (0 0 0) (0 0 0)
5.490000e+02	5 (0 0.0409847 0.474909 0.484106) (23.5 0.126582 1.5062) 30 33034 2 33034 0.793474 0 5239 1 -1 1 6.4e-06 0 (0.514899 0.0318974 0.0174326) 2650 37.7935 0 (0 0 0) (0 0 0)
5.490000e+02	5 (0 0.132005 0.782835 0.0851603) (23.5 0.132514 1.52605) 30 33034 2 33034 0.936686 0 5259 1 -1 1 6.4e-06 0 (0.514102 0.0310168 0.00531037) 2650 37.9367 0 (0 0 0) (0 0 0)
5.500000e+02	5 (0 0.229183 0.585005 0.185812) (23.5 0.677499 1.05214) 1276 33045 2 33045 0.0101776 0 2552 1 -1 1 5.3e-05 0 (0.517826 0.0329554 0.197179) 2650 43.0102 0 (0 0 0) (0 0 0)
5.500000e+02	5 (0 0.200969 0.683861 0.11517) (23.5 0.88892 1.0549) 1846 33054 2 33054 0.820691 0 2052 1 -1 1 7.5e-05 0 (0.500871 0.0227303 0.197128) 2650 44.8207 0 (0 0 0) (0 0 0)
5.500000e+02	5 (0 0.442148 0.499523 0.058329) (23.5 0.838716 1.05035) 1647 33051 2 33051 0.286927 0 2054 1 -1 1 7.5e-05 0 (0.507982 0.0288187 0.197288) 2650 44.2869 0 (0 0 0) (0 0 0)
5.500000e+02	5 (0 0.336531 0.103281 0.560189) (23.5 0.838463 1.05424) 1647 33051 1 33051 0.349508 0 2096 1 -1 1 7.5e-05 0 (0.508661 0.0288018 0.19609) 2650 44.3495 0 (0 0 0) (0 0 0)
5.500000e+02	5 (0 0.335094 0.0355069 0.629399) (23.5 0.834698 1.03159) 1847 33050 1 33050 0.227494 0 2033 1 -1 1 7.5e-05 0 (0.502366 0.0282909 0.205737) 2650 44.2275 0 (0 0 0) (0 0 0)
5.500000e+02	5 (0 0.32562 0.247529 0.426851) (23.5 0.62692 1.01202) 1459 33040 1 33040 0.381741 0 2589 1 -1 1 5.3e-05 0 (0.426294 0.0193759 0.182371) 2650 43.3817 0 (0 0 0) (0 0 0)
5.500000e+02	5 (0 0.665074 0.284546 0.0503802) (23.5 0.711001 1.02368) 1458 33044 2 33044 0.184111 0 2608 1 -1 1 5.3e-05 0 (0.502343 0.0306988 0.211221) 2650 43.1841 0 (0 0 0) (0 0 0)
5.500000e+02	5 (0 0.61197 0.321485 0.0665443) (23.5 0.764283 1.06633) 1275 32979 1 32979 0.85543 0 2553 1 -1 1 5.3e-05 0 (0.516309 0.0338406 0.196106) 2650 43.8554 0 (0 0 0) (0 0 0)
5.500000e+02	5 (0 0.0490174 0.487075 0.463907) (23.5 0.775914 1.0374) 1648 33047 1 33047 0.503003 0 2628 1 -1 1 5.3e-05 0 (0.508087 0.0288414 0.206458) 2650 43.503 0 (0 0 0) (0 0 0)
5.500000e+02	5 (0 0.18322 0.268404 0.548376) (23.5 0.749712 1.04472) 1457 33048 2 33048 0.278913 0 2629 1 -1 1 5.3e-05 0 (0.511434 0.0311115 0.204016) 2650 43.2789 0 (0 0 0) (0 0 0)
5.500000e+02	5 (0 0.455 0.525467 0.0195329) (23.5 0.808045 1.05134) 1457 33048 1 33048 0.820262 0 2649 1 -1 1 5.3e-05 0 (0.510685 0.0297196 0.201262) 2650 43.8203 0 (0 0 0) (0 0 0)
5.500000e+02	5 (0 0.0985278 0.462947 0.438525) (23.5 0.270944 1.00826) 811 33015 2 33015 0.470077 0 2538 1 -1 1 5.3e-05 0 (0.37504 -0.0110509 0.167042) 2650 43.4701 0 (0 0 0) (0 0 0)
5.500000e+02	5 (0 0.746007 0.224106 0.0298878) (23.5 0.578067 1.04432) 954 33023 1 33023 0.0128339 0 3149 1 -1 1 3.26e-05 0 (0.520334 0.0231107 0.199212) 2650 42.0128 0 (0 0 0) (0 0 0)
5.500000e+02	5 (0 0.27651 0.544729 0.178761) (23.5 0.60259 1.05117) 1109 33042 2 33042 0.2286 0 3150 1 -1 1 3.26e-05 0 (0.521567 0.0271597 0.195313) 2650 42.2286 0 (0 0 0) (0 0 0)
5.500000e+02	5 (0 0.223857 0.0331686 0.742974) (23.5 0.44015 1.01384) 1111 33018 1 33018 0.502951 0 3070 1 -1 1 3.26e-05 0 (0.454334 -0.00662875 0.193979) 2650 42.503 0 (0 0 0) (0 0 0)
5.500000e+02	5 (0 0.152437 0.291925 0.555639) (23.5 0.487741 1.0978) 679 32949 1 32949 0.0682489 0 2357 1 -1 1 7.5e-05 0 (0.532533 0.0181782 0.16205) 2650 44.0682 0 (0 0 0) (0 0 0)
5.500000e+02	5 (0 0.103864 0.338257 0.557879) (23.5 0.491647 1.09794) 679 32949 1 32949 0.227514 0 2358 1 -1 1 7.5e-05 0 (0.532529 0.0188408 0.161886) 2650 44.2275 0 (0 0 0) (0 0 0)
5.500000e+02	5 (0 0.222781 0.193371 0.583848) (23.5 0.482084 1.09962) 679 32949 1 32949 0.231782 0 2439 1 -1 1 7.5e-05 0 (0.532729 0.0175147 0.16112) 2650 44.2318 0 (0 0 0) (0 0 0)
5.500000e+02	5 (0 0.583763 0.302103 0.114134) (23.5 0.524293 1.08879) 808 32976 2 32976 0.272955 0 2459 1 -1 1 7.5e-05 0 (0.530937 0.0219085 0.168406) 2650 44.273 0 (0 0 0) (0 0 0)
5.500000e+02	5 (0 0.761414 0.117997 0.12059) (23.5 0.599343 1.0697) 953 32977 1 32977 0.525702 0 3094 1 -1 1 3.26e-05 0 (0.526401 0.0294785 0.185306) 2650 42.5257 0 (0 0 0) (0 0 0)
5.500000e+02	5 (0 0.113181 0.722573 0.164246) (23.5 0.589498 1.05536) 1109 33042 2 33042 0.187203 0 3130 1 -1 1 3.26e-05 0 (0.523739 0.0266238 0.19224) 2650 42.1872 0 (0 0 0) (0 0 0)
5.500000e+02	5 (0 0.0849793 0.852257 0.0627635) (23.5 0.573581 1.06596) 808 32976 1 32976 0.289488 0 3052 1 -1 1 3.26e-05 0 (0.527169 0.0264261 0.185454) 2650 42.2895 0 (0 0 0) (0 0 0)
5.500000e+02	5 (0 0.022649 0.195699 0.781652) (23.5 0.597781 1.06137) 1109 33042 1 33042 0.355498 0 3091 1 -1 1 3.26e-05 0 (0.525422 0.0285694 0.189085) 2650 42.3555 0 (0 0 0) (0 0 0)
5.500000e+02	5 (0 0.225661 0.592162 0.182177) (23.5 0.481853 1.07367) 679 32949 1 32949 0.340215 0 3610 1 -1 1 2.12e-05 0 (0.530281 0.0137491 0.18026) 2650 41.3402 0 (0 0 0) (0 0 0)
5.500000e+02	5 (0 0.105733 0.00456133 0.889706) (23.5 0.50851 1.03844) 954 33023 2 33023 0.505376 0 3628 1 -1 1 2.12e-05 0 (0.520499 0.0109252 0.203195) 2650 41.5054 0 (0 0 0) (0 0 0)
5.500000e+02	5 (0 0.520749 0.419039 0.0602119) (23.5 0.458123 1.06579) 679 32949 1 32949 0.0595748 0 3629 1 -1 1 2.12e-05 0 (0.529638 0.00870772 0.185289) 2650 41.0596 0 (0 0 0) (0 0 0)
5.500000e+02	5 (0 0.508212 0.487204 0.00458384) (23.5 0.540905 1.04982) 954 33023 2 33023 0.62221 0 3649 1 -1 1 2.12e-05 0 (0.523486 0.0186823 0.195402) 2650 41.6222 0 (0 0 0) (0 0 0)
5.500000e+02	5 (0 0.00111738 0.950406 0.0484768) (23.5 0.50009 1.03731) 1110 33022 2 33022 0.511821 0 2517 1 -1 1 5.3e-05 0 (0.519979 0.00932483 0.201832) 2650 43.5118 0 (0 0 0) (0 0 0)
5.500000e+02	5 (0 0.459533 0.156222 0.384245) (23.5 0.376339 1.04202) 680 33014 2 33014 0.282084 0 3531 1 -1 1 2.12e-05 0 (0.520378 -0.0102865 0.20535) 2650 41.2821 0 (0 0 0) (0 0 0)
5.500000e+02	5 (0 0.695348 0.0168612 0.287791) (23.5 0.265212 1.08166) 456 32947 2 32947 0.0275019 0 4096 1 -1 1 1.25e-05 0 (0.515575 -0.00930406 0.190071) 2650 40.0275 0 (0 0 0) (0 0 0)
5.500000e+02	5 (0 0.519618 0.186461 0.293921) (23.5 0.300624 1.08094) 456 32947 1 32947 0.109071 0 4056 1 -1 1 1.25e-05 0 (0.520426 -0.00509214 0.189775) 2650 40.1091 0 (0 0 0) (0 0 0)
5.500000e+02	5 (0 0.417497 0.10046 0.482043) (23.5 0.308449 1.09309) 456 32947 1 32947 0.0541652 0 4036 1 -1 1 1.25e-05 0 (0.522965 -0.0049369 0.182315) 2650 40.0542 0 (0 0 0) (0 0 0)
5.500000e+02	5 (0 0.415312 0.353773 0.230915) (23.5 0.290963 1.09973) 456 32947 2 32947 0.0468611 0 3516 1 -1 1 2.12e-05 0 (0.521421 -0.00919629 0.178393) 2650 41.0469 0 (0 0 0) (0 0 0)
5.500000e+02	5 (0 0.535488 0.256628 0.207884) (23.5 0.159213 1.04464) 365 33089 2 33089 0.0440277 0 4077 1 -1 1 1.25e-05 0 (0.467045 -0.0390207 0.159094) 2650 40.044 0 (0 0 0) (0 0 0)
5.500000e+02	5 (0 0.150068 0.575911 0.274022) (23.5 0.789112 1.05852) 1457 33048 1 33048 0.759859 0 2610 1 -1 1 5.3e-05 0 (0.513438 0.0318923 0.198821) 2650 43.7599 0 (0 0 0) (0 0 0)
5.500000e+02	5 (0 0.43576 0.0641995 0.500041) (23.5 0.615673 1.01915) 1277 33041 2 33041 0.994784 0 3107 1 -1 1 3.26e-05 0 (0.504026 0.0227458 0.214199) 2650 42.9948 0 (0 0 0) (0 0 0)
5.500000e+02	5 (0 0.335058 0.411588 0.253354) (23.5 0.633189 1.07828) 953 32977 1 32977 0.91931 0 2939 1 -1 1 5.3e-05 0 (0.525531 0.0334887 0.181994) 2650 43.9193 0 (0 0 0) (0 0 0)
5.500000e+02	5 (0 0.162056 0.732389 0.105556) (23.5 0.646974 1.06874) 953 32977 1 32977 0.93471 0 3053 1 -1 1 3.26e-05 0 (0.523732 0.0340173 0.188719) 2650 42.9347 0 (0 0 0) (0 0 0)
5.500000e+02	5 (0 0.498607 0.109281 0.392112) (23.5 0.508787 1.09429) 808 32976 2 32976 0.466443 0 3316 1 -1 1 3.26e-05 0 (0.531886 0.0208149 0.167999) 2650 42.4664 0 (0 0 0) (0 0 0)
5.500000e+02	5 (0 0.129643 0.240011 0.630346) (23.5 0.291374 1.01553) 811 33015 1 33015 0.772622 0 3057 1 -1 1 3.26e-05 0 (0.471153 -0.0172804 0.208633) 2650 42.7726 0 (0 0 0) (0 0 0)
5.500000e+02	5 (0 0.231696 0.381544 0.38676) (23.5 0.388258 1.0137) 956 33012 1 33012 0.741986 0 3037 1 -1 1 3.26e-05 0 (0.451356 -0.0151824 0.194365) 2650 42.742 0 (0 0 0) (0 0 0)
5.500000e+02	5 (0 0.557768 0.391504 0.050728) (23.5 0.535562 1.06518) 808 32976 1 32976 0.698521 0 3630 1 -1 1 2.12e-05 0 (0.52828 0.0206816 0.185638) 2650 41.6985 0 (0 0 0) (0 0 0)
5.500000e+02	5 (0 0.0849795 0.522388 0.392633) (23.5 0.548848 1.0599) 954 33023 1 33023 0.747019 0 3650 1 -1 1 2.12e-05 0 (0.526834 0.0218813 0.188938) 2650 41.747 0 (0 0 0) (0 0 0)
5.500000e+02	5 (0 0.00870479 0.292383 0.698912) (23.5 0.524213 1.0617) 954 33023 1 33023 0.689939 0 2514 1 -1 1 5.3e-05 0 (0.52822 0.0185572 0.185288) 2650 43.6899 0 (0 0 0) (0 0 0)
5.500000e+02	5 (0 0.18016 0.580379 0.23946) (23.5 0.485512 1.07737) 679 32949 1 32949 0.448529 0 3571 1 -1 1 2.12e-05 0 (0.530613 0.0148887 0.178054) 2650 41.4485 0 (0 0 0) (0 0 0)
5.500000e+02	5 (0 0.113793 0.143968 0.742239) (23.5 0.58959 1.04172) 1109 33042 2 33042 0.971488 0 3648 1 -1 1 2.12e-05 0 (0.518872 0.0239154 0.201712) 2650 41.9715 0 (0 0 0) (0 0 0)
5.500000e+02	5 (0 0.115949 0.331841 0.55221) (23.5 0.297596 1.03598) 681 33016 1 33016 0.214704 0 3557 1 -1 1 2.12e-05 0 (0.511369 -0.0101823 0.212749) 2650 41.2147 0 (0 0 0) (0 0 0)
5.500000e+02	5 (0 0.366688 0.330018 0.303294) (23.5 0.316276 1.03083) 681 33016 1 33016 0.73622 0 3537 1 -1 1 2.12e-05 0 (0.51041 -0.0161129 0.214116) 2650 41.7362 0 (0 0 0) (0 0 0)
5.500000e+02	5 (0 0.676384 0.169617 0.153998) (23.5 0.59385 1.08281) 953 32977 2 32977 0.938633 0 2376 1 -1 1 7.5e-05 0 (0.528017 0.0303477 0.174584) 2650 44.9386 0 (0 0 0) (0 0 0)
5.500000e+02	5 (0 0.0240865 0.440953 0.53496) (23.5 0.498063 1.09646) 679 32949 1 32949 0.392618 0 2378 1 -1 1 7.5e-05 0 (0.532328 0.0196856 0.162609) 2650 44.3926 0 (0 0 0) (0 0 0)
5.500000e+02	5 (0 0.0342549 0.425189 0.540556) (23.5 0.497245 1.09682) 679 32949 1 32949 0.370389 0 2379 1 -1 1 7.5e-05 0 (0.532369 0.0196031 0.162417) 2650 44.3704 0 (0 0 0) (0 0 0)
5.500000e+02	5 (0 0.0204619 0.448395 0.531143) (23.5 0.498354 1.09622) 679 32949 1 32949 0.395779 0 2398 1 -1 1 7.5e-05 0 (0.532302 0.0196979 0.162745) 2650 44.3958 0 (0 0 0) (0 0 0)
5.500000e+02	5 (0 0.482569 0.00780342 0.509627) (23.5 0.500627 1.09533) 808 32976 2 32976 0.42621 0 2399 1 -1 1 7.5e-05 0 (0.532069 0.0199488 0.163185) 2650 44.4262 0 (0 0 0) (0 0 0)
5.500000e+02	5 (0 0.479972 0.0101502 0.509878) (23.5 0.500816 1.0955) 808 32976 2 32976 0.425587 0 2418 1 -1 1 7.5e-05 0 (0.532152 0.0199884 0.163157) 2650 44.4256 0 (0 0 0) (0 0 0)
5.500000e+02	5 (0 0.0516265 0.418209 0.530164) (23.5 0.495848 1.09615) 679 32949 1 32949 0.383058 0 2419 1 -1 1 7.5e-05 0 (0.532317 0.019275 0.162831) 2650 44.3831 0 (0 0 0) (0 0 0)
5.500000e+02	5 (0 0.0330743 0.441127 0.525799) (23.5 0.49734 1.09587) 679 32949 1 32949 0.398274 0 2438 1 -1 1 7.5e-05 0 (0.532259 0.0194846 0.162958) 2650 44.3983 0 (0 0 0) (0 0 0)
5.500000e+02	5 (0 0.222279 0.733179 0.0445423) (23.5 0.401972 1.12957) 455 32954 1 32954 0.557554 0 3815 1 -1 1 2.12e-05 0 (0.53485 0.0067303 0.150191) 2650 41.5576 0 (0 0 0) (0 0 0)
5.500000e+02	5 (0 0.494801 0.24757 0.257629) (23.5 0.380364 1.14421) 455 32954 1 32954 0.446437 0 3837 1 -1 1 2.12e-05 0 (0.532816 0.00496711 0.142623) 2650 41.4464 0 (0 0 0) (0 0 0)
5.500000e+02	5 (0 0.302794 0.566432 0.130774) (23.5 0.556066 1.07035) 808 32976 1 32976 0.964014 0 3591 1 -1 1 2.12e-05 0 (0.528151 0.024324 0.18333) 2650 41.964 0 (0 0 0) (0 0 0)
5.500000e+02	5 (0 0.586227 0.284575 0.129198) (23.5 0.362766 1.08865) 563 32948 2 32948 0.226959 0 3013 1 -1 1 3.26e-05 0 (0.528638 -0.0052687 0.180017) 2650 42.227 0 (0 0 0) (0 0 0)
5.500000e+02	5 (0 0.0764184 0.499667 0.423914) (23.5 0.26966 1.05016) 564 33017 2 33017 0.478243 0 3018 1 -1 1 3.26e-05 0 (0.511466 -0.00333364 0.206879) 2650 42.4782 0 (0 0 0) (0 0 0)
5.500000e+02	5 (0 0.470275 0.0279643 0.501761) (23.5 0.421832 1.09612) 679 32949 2 32949 0.832217 0 3532 1 -1 1 2.12e-05 0 (0.532883 0.00639785 0.167969) 2650 41.8322 0 (0 0 0) (0 0 0)
5.500000e+02	5 (0 0.590289 0.13395 0.275762) (23.5 0.430355 1.08837) 679 32949 2 32949 0.874182 0 4090 1 -1 1 1.25e-05 0 (0.532012 0.00701635 0.172788) 2650 40.8742 0 (0 0 0) (0 0 0)
5.500000e+02	5 (0 0.173072 0.446297 0.380632) (23.5 0.405831 1.08649) 563 32948 1 32948 0.576539 0 4109 1 -1 1 1.25e-05 0 (0.531067 0.00235836 0.175929) 2650 40.5765 0 (0 0 0) (0 0 0)
5.500000e+02	5 (0 0.496888 0.273429 0.229683) (23.5 0.460042 1.07674) 679 32949 1 32949 0.984813 0 4129 1 -1 1 1.25e-05 0 (0.530655 0.01062 0.179201) 2650 40.9848 0 (0 0 0) (0 0 0)
5.500000e+02	5 (0 0.57086 0.232184 0.196956) (23.5 0.296324 1.20941) 283 32953 1 32953 0.0555518 0 4255 1 -1 1 1.25e-05 0 (0.528408 -0.00455881 0.0945803) 2650 40.0556 0 (0 0 0) (0 0 0)
5.500000e+02	5 (0 0.278731 0.670077 0.0511918) (23.5 0.397435 1.06521) 563 32948 1 32948 0.501073 0 4070 1 -1 1 1.25e-05 0 (0.528361 -0.00172752 0.189783) 2650 40.5011 0 (0 0 0) (0 0 0)
5.500000e+02	5 (0 0.214461 0.126205 0.659334) (23.5 0.436781 1.0413) 809 33020 2 33020 0.9621 0 4089 1 -1 1 1.25e-05 0 (0.522202 0.000101023 0.202222) 2650 40.9621 0 (0 0 0) (0 0 0)
5.500000e+02	5 (0 0.0136916 0.570892 0.415417) (23.5 0.308475 1.06162) 564 33017 1 33017 0.413587 0 4076 1 -1 1 1.25e-05 0 (0.519451 -0.00813825 0.200968) 2650 40.4136 0 (0 0 0) (0 0 0)
5.500000e+02	5 (0 0.239121 0.408695 0.352183) (23.5 0.321983 1.15073) 363 32951 1 32951 0.427229 0 4034 1 -1 1 1.25e-05 0 (0.529113 -0.00574537 0.140654) 2650 40.4272 0 (0 0 0) (0 0 0)
5.500000e+02	5 (0 0.527897 0.0400713 0.432031) (23.5 0.306858 1.04949) 564 33017 1 33017 0.740288 0 4057 1 -1 1 1.25e-05 0 (0.515788 -0.0107597 0.20585) 2650 40.7403 0 (0 0 0) (0 0 0)
5.500000e+02	5 (0 0.0860064 0.887926 0.0260671) (23.5 0.257577 1.1284) 284 32950 1 32950 0.363539 0 3017 1 -1 1 3.26e-05 0 (0.520073 -0.0286042 0.158095) 2650 42.3635 0 (0 0 0) (0 0 0)
5.500000e+02	5 (0 0.0571121 0.16841 0.774478) (23.5 0.281101 1.06061) 564 33017 1 33017 0.995756 0 3518 1 -1 1 2.12e-05 0 (0.514955 -0.00466338 0.201914) 2650 41.9958 0 (0 0 0) (0 0 0)
5.500000e+02	5 (0 0.761703 0.051922 0.186375) (23.5 0.359056 1.07396) 563 32948 1 32948 0.66145 0 4031 1 -1 1 1.25e-05 0 (0.526831 -0.00751731 0.190065) 2650 40.6615 0 (0 0 0) (0 0 0)
5.500000e+02	5 (0 0.124701 0.444341 0.430958) (23.5 0.232551 1.05908) 457 33092 1 33092 0.78355 0 4038 1 -1 1 1.25e-05 0 (0.499806 -0.0157981 0.184568) 2650 40.7835 0 (0 0 0) (0 0 0)
5.500000e+02	5 (0 0.149823 0.732934 0.117242) (23.5 0.133511 1.03311) 458 33088 2 33088 0.220758 0 4058 1 -1 1 1.25e-05 0 (0.461344 -0.057302 0.160599) 2650 40.2208 0 (0 0 0) (0 0 0)
5.500000e+02	5 (0 0.100665 0.709456 0.189879) (23.5 0.184412 1.07442) 285 32941 1 32941 0.291612 0 4555 1 -1 1 8.9e-06 0 (0.481755 -0.0355894 0.153094) 2650 39.2916 0 (0 0 0) (0 0 0)
5.500000e+02	5 (0 0.771111 0.20039 0.0284983) (23.5 0.205695 1.07687) 364 32946 2 32946 0.493723 0 4575 1 -1 1 8.9e-06 0 (0.491954 -0.0329602 0.15836) 2650 39.4937 0 (0 0 0) (0 0 0)
5.500000e+02	5 (0 0.0330881 0.560208 0.406704) (23.5 0.163784 1.06144) 365 33089 1 33089 0.307825 0 4595 1 -1 1 8.9e-06 0 (0.46126 -0.0310321 0.154718) 2650 39.3078 0 (0 0 0) (0 0 0)
5.500000e+02	5 (0 0.00026635 0.264194 0.73554) (23.5 0.263838 1.1095) 364 32946 1 32946 0.681278 0 4556 1 -1 1 8.9e-06 0 (0.519219 -0.0204884 0.173111) 2650 39.6813 0 (0 0 0) (0 0 0)
5.500000e+02	5 (0 0.853231 0.126754 0.0200144) (23.5 0.351777 1.19664) 362 32956 1 32956 0.515391 0 2875 1 -1 1 5.3e-05 0 (0.531336 0.0109102 0.0982685) 2650 43.5154 0 (0 0 0) (0 0 0)
5.500000e+02	5 (0 0.019576 0.228487 0.751937) (23.5 0.358266 1.19385) 455 32954 2 32954 0.910068 0 2916 1 -1 1 5.3e-05 0 (0.531551 0.0114888 0.100165) 2650 43.9101 0 (0 0 0) (0 0 0)
5.500000e+02	5 (0 0.0807231 0.62805 0.291227) (23.5 0.333908 1.21616) 283 32953 1 32953 0.66055 0 2937 1 -1 1 5.3e-05 0 (0.529652 0.0111073 0.0860896) 2650 43.6605 0 (0 0 0) (0 0 0)
5.500000e+02	5 (0 0.109178 0.598681 0.29214) (23.5 0.331725 1.21623) 283 32953 1 32953 0.684803 0 2957 1 -1 1 5.3e-05 0 (0.529549 0.0102974 0.086153) 2650 43.6848 0 (0 0 0) (0 0 0)
5.500000e+02	5 (0 0.0460839 0.80398 0.149936) (23.5 0.33658 1.20599) 283 32953 1 32953 0.829586 0 2955 1 -1 1 5.3e-05 0 (0.530469 0.00994459 0.0925196) 2650 43.8296 0 (0 0 0) (0 0 0)
5.500000e+02	5 (0 0.154411 0.230918 0.614671) (23.5 0.281159 1.32842) 214 32965 2 32965 0.46366 0 3394 1 -1 1 3.26e-05 0 (0.522968 0.0306982 0.0390603) 2650 42.4637 0 (0 0 0) (0 0 0)
5.500000e+02	5 (0 0.0795155 0.239887 0.680597) (23.5 0.258013 1.38721) 114 32966 1 32966 0.109041 0 3414 1 -1 1 3.26e-05 0 (0.519816 0.0343003 0.0282461) 2650 42.109 0 (0 0 0) (0 0 0)
5.500000e+02	5 (0 0.224037 0.71814 0.0578228) (23.5 0.247697 1.41337) 78 32972 1 32972 0.108562 0 3435 1 -1 1 3.26e-05 0 (0.518426 0.0347959 0.0240481) 2650 42.1086 0 (0 0 0) (0 0 0)
5.500000e+02	5 (0 0.577421 0.35496 0.0676187) (23.5 0.290577 1.29779) 214 32965 2 32965 0.700436 0 3374 1 -1 1 3.26e-05 0 (0.524234 0.0202555 0.0494145) 2650 42.7004 0 (0 0 0) (0 0 0)
5.500000e+02	5 (0 0.377393 0.159922 0.462685) (23.5 0.236649 1.44024) 78 32972 1 32972 0.129442 0 3379 1 -1 1 3.26e-05 0 (0.517491 0.0315295 0.0222808) 2650 42.1294 0 (0 0 0) (0 0 0)
5.500000e+02	5 (0 0.857537 0.136092 0.00637058) (23.5 0.273962 1.34957) 158 32967 2 32967 0.393595 0 3393 1 -1 1 3.26e-05 0 (0.52192 0.0332089 0.0337632) 2650 42.3936 0 (0 0 0) (0 0 0)
5.500000e+02	5 (0 0.698624 0.0776957 0.22368) (23.5 0.269562 1.36069) 158 32967 2 32967 0.629253 0 3413 1 -1 1 3.26e-05 0 (0.521304 0.0337055 0.0314402) 2650 42.6293 0 (0 0 0) (0 0 0)
5.500000e+02	5 (0 0.266217 0.544027 0.189756) (23.5 0.244661 1.42213) 78 32972 1 32972 0.419215 0 3437 1 -1 1 3.26e-05 0 (0.518107 0.0336419 0.0233) 2650 42.4192 0 (0 0 0) (0 0 0)
5.500000e+02	5 (0 0.0283773 0.606127 0.365495) (23.5 0.261586 1.36517) 114 32966 1 32966 0.158683 0 3934 1 -1 1 2.12e-05 0 (0.521281 0.0349538 0.032448) 2650 41.1587 0 (0 0 0) (0 0 0)
5.500000e+02	5 (0 0.132559 0.863967 0.00347432) (23.5 0.329749 1.18611) 363 32951 2 32951 0.745775 0 4335 1 -1 1 1.25e-05 0 (0.530088 0.0040856 0.109698) 2650 40.7458 0 (0 0 0) (0 0 0)
5.500000e+02	5 (0 0.0795999 0.508876 0.411524) (23.5 0.195268 1.50853) 50 33035 2 33035 0.0670409 0 4338 1 -1 1 1.25e-05 0 (0.515618 0.0308154 0.00780389) 2650 40.067 0 (0 0 0) (0 0 0)
5.500000e+02	5 (0 0.414286 0.494783 0.090931) (23.5 0.301542 1.16678) 363 32951 2 32951 0.709964 0 4574 1 -1 1 8.9e-06 0 (0.527013 -0.00861601 0.127277) 2650 39.71 0 (0 0 0) (0 0 0)
5.500000e+02	5 (0 0.685791 0.295108 0.0191009) (23.5 0.2129 1.43032) 78 32972 2 32972 0.576763 0 4796 1 -1 1 8.9e-06 0 (0.518811 0.0372661 0.0318878) 2650 39.5768 0 (0 0 0) (0 0 0)
5.500000e+02	5 (0 0.019826 0.576181 0.403993) (23.5 0.261916 1.29644) 159 32964 1 32964 0.508695 0 4797 1 -1 1 8.9e-06 0 (0.525331 0.0224464 0.0552915) 2650 39.5087 0 (0 0 0) (0 0 0)
5.500000e+02	5 (0 0.746107 0.0830569 0.170836) (23.5 0.179402 1.49217) 30 33034 1 33034 0.0317586 0 4798 1 -1 1 8.9e-06 0 (0.516157 0.0335563 0.0131344) 2650 39.0318 0 (0 0 0) (0 0 0)
5.500000e+02	5 (0 0.359673 0.412492 0.227835) (23.5 0.174378 1.51694) 30 33034 1 33034 0.0595116 0 4799 1 -1 1 8.9e-06 0 (0.515574 0.0317153 0.0062949) 2650 39.0595 0 (0 0 0) (0 0 0)
5.500000e+02	5 (0 0.0405789 0.0348993 0.924522) (23.5 0.193818 1.4732) 78 32972 2 32972 0.534631 0 4816 1 -1 1 8.9e-06 0 (0.516636 0.0344263 0.018307) 2650 39.5346 0 (0 0 0) (0 0 0)
5.500000e+02	5 (0 0.873707 0.106436 0.019857) (23.5 0.189548 1.484) 30 33034 1 33034 0.525215 0 4817 1 -1 1 8.9e-06 0 (0.516341 0.0339098 0.0153928) 2650 39.5252 0 (0 0 0) (0 0 0)
5.500000e+02	5 (0 0.00632244 0.0161888 0.977489) (23.5 0.192449 1.47548) 78 32972 2 32972 0.511692 0 4818 1 -1 1 8.9e-06 0 (0.516529 0.0343447 0.0176319) 2650 39.5117 0 (0 0 0) (0 0 0)
5.500000e+02	5 (0 0.401009 0.47247 0.12652) (23.5 0.181031 1.5143) 30 33034 1 33034 0.403901 0 4819 1 -1 1 8.9e-06 0 (0.515632 0.0317291 0.0070265) 2650 39.4039 0 (0 0 0) (0 0 0)
5.500000e+02	5 (0 0.737562 0.219806 0.0426325) (23.5 0.187605 1.49272) 30 33034 1 33034 0.542926 0 4837 1 -1 1 8.9e-06 0 (0.516137 0.0332666 0.0129832) 2650 39.5429 0 (0 0 0) (0 0 0)
5.500000e+02	5 (0 0.177882 0.513483 0.308634) (23.5 0.093121 1.39644) 52 32960 2 32960 0.333216 0 3519 1 -1 1 2.12e-05 0 (0.518253 0.0249544 0.100245) 2650 41.3332 0 (0 0 0) (0 0 0)
5.500000e+02	5 (0 0.36885 0.135437 0.495713) (23.5 0.236599 1.23099) 215 32952 1 32952 0.454355 0 4015 1 -1 1 1.25e-05 0 (0.524417 -0.00841556 0.0897015) 2650 40.4544 0 (0 0 0) (0 0 0)
5.500000e+02	5 (0 0.121396 0.244611 0.633992) (23.5 0.0578581 1.45103) 17 33032 1 33032 0.717091 0 4039 1 -1 1 1.25e-05 0 (0.510304 0.0176805 0.0667051) 2650 40.7171 0 (0 0 0) (0 0 0)
5.500000e+02	5 (0 0.396733 0.588112 0.0151546) (23.5 0.1645 1.0632) 285 32941 1 32941 0.80304 0 4597 1 -1 1 8.9e-06 0 (0.461811 -0.0311739 0.15416) 2650 39.803 0 (0 0 0) (0 0 0)
5.500000e+02	5 (0 0.0415655 0.488335 0.470099) (23.5 0.226344 1.19251) 284 32950 2 32950 0.736121 0 5055 1 -1 1 6.4e-06 0 (0.523037 -0.0274425 0.111902) 2650 38.7361 0 (0 0 0) (0 0 0)
5.500000e+02	5 (0 0.544786 0.435529 0.0196852) (23.5 0.223919 1.19678) 215 32952 1 32952 0.660758 0 5075 1 -1 1 6.4e-06 0 (0.52346 -0.0266913 0.110633) 2650 38.6608 0 (0 0 0) (0 0 0)
5.500000e+02	5 (0 0.14096 0.581605 0.277435) (23.5 0.233115 1.32937) 159 32964 2 32964 0.441423 0 5157 1 -1 1 6.4e-06 0 (0.52404 0.0339045 0.0571021) 2650 38.4414 0 (0 0 0) (0 0 0)
5.500000e+02	5 (0 0.427314 0.25156 0.321126) (23.5 0.0495214 1.52379) 7 33098 2 33098 0.475151 0 5158 1 -1 1 6.4e-06 0 (0.506822 0.0169643 0.0118772) 2650 38.4752 0 (0 0 0) (0 0 0)
5.500000e+02	5 (0 0.0893256 0.732483 0.178191) (23.5 0.185413 1.42121) 51 32963 1 32963 0.119552 0 5198 1 -1 1 6.4e-06 0 (0.52 0.0421104 0.0415781) 2650 38.1196 0 (0 0 0) (0 0 0)
5.500000e+02	5 (0 0.254628 0.190534 0.554838) (23.5 0.205158 1.39163) 114 32966 2 32966 0.252359 0 5218 1 -1 1 6.4e-06 0 (0.521287 0.0415512 0.0462217) 2650 38.2524 0 (0 0 0) (0 0 0)
5.500000e+02	5 (0 0.316902 0.233982 0.449116) (23.5 0.208273 1.38728) 114 32966 2 32966 0.281212 0 5238 1 -1 1 6.4e-06 0 (0.521457 0.0408399 0.0471995) 2650 38.2812 0 (0 0 0) (0 0 0)
5.500000e+02	5 (0 0.482067 0.340884 0.177049) (23.5 0.215932 1.37575) 114 32966 2 32966 0.365194 0 5257 1 -1 1 6.4e-06 0 (0.521928 0.0390503 0.049973) 2650 38.3652 0 (0 0 0) (0 0 0)
5.500000e+02	5 (0 0.313704 0.058129 0.628167) (23.5 0.170158 1.45105) 51 32963 1 32963 0.132393 0 5258 1 -1 1 6.4e-06 0 (0.518418 0.0358064 0.0391957) 2650 38.1324 0 (0 0 0) (0 0 0)
5.500000e+02	5 (0 0.473017 0.332831 0.194152) (23.5 0.229274 1.35313) 114 32966 1 32966 0.52608 0 5276 1 -1 1 6.4e-06 0 (0.523072 0.0378954 0.0514276) 2650 38.5261 0 (0 0 0) (0 0 0)
5.500000e+02	5 (0 0.392056 0.567461 0.0404834) (23.5 0.150106 1.51226) 30 33034 2 33034 0.189516 0 5278 1 -1 1 6.4e-06 0 (0.515733 0.0327244 0.00831262) 2650 38.1895 0 (0 0 0) (0 0 0)
5.500000e+02	5 (0 0.601152 0.237921 0.160927) (23.5 0.164342 1.4911) 30 33034 2 33034 0.44016 0 5297 1 -1 1 6.4e-06 0 (0.516305 0.0337198 0.0162091) 2650 38.4402 0 (0 0 0) (0 0 0)
5.500000e+02	5 (0 0.291237 0.378287 0.330476) (23.5 0.242211 1.29113) 159 32964 1 32964 0.61938 0 5197 1 -1 1 6.4e-06 0 (0.525352 0.0201519 0.0675652) 2650 38.6194 0 (0 0 0) (0 0 0)
5.500000e+02	5 (0 0.178776 0.292091 0.529132) (23.5 0.179294 1.44451) 51 32963 1 32963 0.280524 0 5277 1 -1 1 6.4e-06 0 (0.518667 0.0378645 0.0363668) 2650 38.2805 0 (0 0 0) (0 0 0)
5.500000e+02	5 (0 0.130803 0.202194 0.667003) (23.5 0.145368 1.53162) 30 33034 1 33034 0.205594 0 5279 1 -1 1 6.4e-06 0 (0.515251 0.0314043 0.00227835) 2650 38.2056 0 (0 0 0) (0 0 0)
5.500000e+02	5 (0 0.317575 0.026935 0.65549) (23.5 0.103967 1.45251) 31 32962 1 32962 0.472034 0 5698 1 -1 1 4.3e-06 0 (0.515914 0.0285019 0.056927) 2650 37.472 0 (0 0 0) (0 0 0)
5.500000e+02	5 (0 0.137842 0.356842 0.505316) (23.5 0.155776 1.53116) 30 33034 1 33034 0.497209 0 5298 1 -1 1 6.4e-06 0 (0.515253 0.031129 0.00240293) 2650 38.4972 0 (0 0 0) (0 0 0)
5.500000e+02	5 (0 0.243019 0.0803651 0.676615) (23.5 0.129463 1.45944) 51 32963 2 32963 0.489336 0 5739 1 -1 1 4.3e-06 0 (0.518315 0.0348657 0.04484) 2650 37.4893 0 (0 0 0) (0 0 0)
5.500000e+02	5 (0 0.699833 0.0618562 0.238311) (23.5 0.636524 1.03979) 1109 33042 2 33042 0.40605 0 3148 1 -1 1 3.26e-05 0 (0.515733 0.0284508 0.203612) 2650 42.406 0 (0 0 0) (0 0 0)
5.500000e+02	5 (0 0.448346 0.287815 0.263839) (23.5 0.478764 1.02914) 955 33019 1 33019 0.586115 0 3608 1 -1 1 2.12e-05 0 (0.514899 0.00397912 0.209002) 2650 41.5861 0 (0 0 0) (0 0 0)
5.500000e+02	5 (0 0.491621 0.33955 0.168829) (23.5 0.697519 1.04636) 1276 33045 2 33045 0.853816 0 3169 1 -1 1 3.26e-05 0 (0.514724 0.032257 0.202458) 2650 42.8538 0 (0 0 0) (0 0 0)
5.500000e+02	5 (0 0.21655 0.777278 0.00617132) (23.5 0.419002 1.03389) 810 33013 1 33013 0.202983 0 3589 1 -1 1 2.12e-05 0 (0.518407 -0.00473138 0.206802) 2650 41.203 0 (0 0 0) (0 0 0)
5.500000e+02	5 (0 0.244369 0.395368 0.360263) (23.5 0.321579 1.15128) 363 32951 1 32951 0.078195 0 4094 1 -1 1 1.25e-05 0 (0.52906 -0.00573494 0.140178) 2650 40.0782 0 (0 0 0) (0 0 0)
5.500000e+02	5 (0 0.172558 0.240895 0.586547) (23.5 0.28192 1.3271) 214 32965 2 32965 0.788616 0 3392 1 -1 1 3.26e-05 0 (0.523009 0.0302151 0.0394555) 2650 42.7886 0 (0 0 0) (0 0 0)
5.500000e+02	5 (0 0.550362 0.00996781 0.439671) (23.5 0.264442 1.37106) 158 32967 2 32967 0.685581 0 3434 1 -1 1 3.26e-05 0 (0.520742 0.034375 0.0293844) 2650 42.6856 0 (0 0 0) (0 0 0)
5.500000e+02	5 (0 0.615294 0.266963 0.117743) (23.5 0.210836 1.435) 78 32972 2 32972 0.591541 0 4815 1 -1 1 8.9e-06 0 (0.518573 0.0369518 0.0304013) 2650 39.5915 0 (0 0 0) (0 0 0)
5.500000e+02	5 (0 0.570927 0.353259 0.0758139) (23.5 0.290747 1.15603) 363 32951 2 32951 0.993552 0 4016 1 -1 1 1.25e-05 0 (0.525527 -0.0138323 0.136709) 2650 40.9936 0 (0 0 0) (0 0 0)
5.500000e+02	5 (0 0.267428 0.6291 0.103472) (23.5 0.173258 1.13403) 216 32943 1 32943 0.986392 0 4019 1 -1 1 1.25e-05 0 (0.497556 -0.0371653 0.1406) 2650 40.9864 0 (0 0 0) (0 0 0)
5.500000e+02	5 (0 0.082781 0.702437 0.214782) (23.5 0.241694 1.26126) 215 32952 2 32952 0.741264 0 5054 1 -1 1 6.4e-06 0 (0.526111 0.00902275 0.0779978) 2650 38.7413 0 (0 0 0) (0 0 0)
5.500000e+02	5 (0 0.251633 0.55987 0.188497) (23.5 0.245053 1.28085) 159 32964 1 32964 0.679522 0 5217 1 -1 1 6.4e-06 0 (0.525938 0.017055 0.0699881) 2650 38.6795 0 (0 0 0) (0 0 0)
5.500000e+02	5 (0 0.255646 0.488706 0.255648) (23.5 0.244776 1.28571) 159 32964 1 32964 0.679058 0 5237 1 -1 1 6.4e-06 0 (0.525675 0.0185546 0.0682883) 2650 38.6791 0 (0 0 0) (0 0 0)
5.500000e+02	5 (0 0.393521 0.509267 0.0972124) (23.5 0.157764 1.31104) 115 32959 2 32959 0.984172 0 4539 1 -1 1 8.9e-06 0 (0.526761 0.0274709 0.1207) 2650 39.9842 0 (0 0 0) (0 0 0)
5.500000e+02	5 (0 0.232476 0.248249 0.519275) (23.5 0.282471 1.32276) 214 32965 2 32965 0.994563 0 3412 1 -1 1 3.26e-05 0 (0.523218 0.028813 0.0410297) 2650 42.9946 0 (0 0 0) (0 0 0)
5.500000e+02	5 (0 0.313444 0.471666 0.214889) (23.5 0.241244 1.42379) 78 32972 1 32972 0.789724 0 3457 1 -1 1 3.26e-05 0 (0.518146 0.0338807 0.0240082) 2650 42.7897 0 (0 0 0) (0 0 0)
5.500000e+02	5 (0 0.479414 0.215712 0.304873) (23.5 0.207075 1.44404) 78 32972 2 32972 0.597179 0 4836 1 -1 1 8.9e-06 0 (0.518108 0.0363035 0.0275078) 2650 39.5972 0 (0 0 0) (0 0 0)
5.500000e+02	5 (0 0.382561 0.527086 0.0903523) (23.5 0.183288 1.51548) 30 33034 1 33034 0.565972 0 4838 1 -1 1 8.9e-06 0 (0.515602 0.0315665 0.00669998) 2650 39.566 0 (0 0 0) (0 0 0)
5.500000e+02	5 (0 0.356214 0.555904 0.0878822) (23.5 0.183354 1.51717) 30 33034 1 33034 0.589549 0 4839 1 -1 1 8.9e-06 0 (0.515562 0.0314287 0.00623365) 2650 39.5895 0 (0 0 0) (0 0 0)
5.500000e+02	5 (0 0.638876 0.0705883 0.290535) (23.5 0.196546 1.43342) 78 32972 2 32972 0.726735 0 5296 1 -1 1 6.4e-06 0 (0.519021 0.0399652 0.0328688) 2650 38.7267 0 (0 0 0) (0 0 0)
5.500000e+02	5 (0 0.122155 0.434267 0.443578) (23.5 0.159685 1.53217) 30 33034 1 33034 0.648466 0 5299 1 -1 1 6.4e-06 0 (0.515226 0.0309311 0.00212529) 2650 38.6485 0 (0 0 0) (0 0 0)
5.500000e+02	5 (0 0.591305 0.104869 0.303826) (23.5 0.199031 1.43658) 78 32972 2 32972 0.944514 0 5318 1 -1 1 6.4e-06 0 (0.518765 0.0390003 0.0313647) 2650 38.9445 0 (0 0 0) (0 0 0)
5.500000e+02	5 (0 0.746666 0.0348345 0.218499) (23.5 0.176343 1.49214) 30 33034 1 33034 0.945926 0 5319 1 -1 1 6.4e-06 0 (0.51616 0.0336507 0.0131786) 2650 38.9459 0 (0 0 0) (0 0 0)
5.500000e+02	5 (0 0.0046535 0.438904 0.556443) (23.5 0.0593396 1.51172) 7 33098 2 33098 0.936327 0 5657 1 -1 1 4.3e-06 0 (0.509851 0.0210347 0.0207703) 2650 37.9363 0 (0 0 0) (0 0 0)
5.500000e+02	5 (0 0.280398 0.0919055 0.627697) (23.5 0.198001 1.38981) 114 32966 2 32966 0.942852 0 5677 1 -1 1 4.3e-06 0 (0.521658 0.0426224 0.0491748) 2650 37.9429 0 (0 0 0) (0 0 0)
5.500000e+02	5 (0 0.296424 0.554233 0.149343) (23.5 0.171429 1.41921) 51 32963 1 32963 0.735023 0 5718 1 -1 1 4.3e-06 0 (0.520359 0.0407784 0.0504337) 2650 37.735 0 (0 0 0) (0 0 0)
5.500000e+02	5 (0 0.249906 0.548143 0.201951) (23.5 0.17456 1.42272) 51 32963 1 32963 0.807775 0 5738 1 -1 1 4.3e-06 0 (0.520089 0.0406117 0.0473034) 2650 37.8078 0 (0 0 0) (0 0 0)
5.500000e+02	5 (0 0.00724062 0.968859 0.0239) (23.5 0.189379 1.40887) 79 32961 2 32961 0.972485 0 5758 1 -1 1 4.3e-06 0 (0.520701 0.0443084 0.0441349) 2650 37.9725 0 (0 0 0) (0 0 0)
5.500000e+02	5 (0 0.330043 0.58971 0.0802468) (23.5 0.118498 1.51875) 16 33033 1 33033 0.576899 0 5759 1 -1 1 4.3e-06 0 (0.515342 0.0315127 0.0114805) 2650 37.5769 0 (0 0 0) (0 0 0)
5.500000e+02	5 (0 0.196605 0.784149 0.0192466) (23.5 0.136852 1.52616) 30 33034 2 33034 0.885523 0 5779 1 -1 1 4.3e-06 0 (0.5154 0.0320533 0.00413362) 2650 37.8855 0 (0 0 0) (0 0 0)
