# Time         currentProc " (coordinates0 coordinates1 coordinates2 coordinates3) (position0 position1 position2) celli tetFacei tetPti facei stepFraction origProc origId active typeId nParticle d dTarget (U0 U1 U2) rho age tTurb (UTurb0 UTurb1 UTurb2) (UCorrect0 UCorrect1 UCorrect2)"
5.660000e+02	5 (0 0.393352 0.00693041 0.599718) (23.5 0.292941 1.00012) 811 33015 2 33015 0.497631 0 4527 1 -1 1 8.9e-06 0 (0.27467 0.0199107 0.120796) 2650 55.4976 0 (0 0 0) (0 0 0)
5.660000e+02	5 (0 0.255042 0.130658 0.6143) (23.5 0.639434 1.38258) 452 32997 1 32997 0.42408 0 1737 1 -1 1 0.00011 0 (0.490597 -0.0325719 0.0068162) 2650 61.4241 0 (0 0 0) (0 0 0)
5.660000e+02	5 (0 0.0792692 0.379818 0.540913) (23.5 0.530531 1.47074) 280 33002 2 33002 0.89082 0 2230 1 -1 1 7.5e-05 0 (0.496251 -0.0752323 -0.0139832) 2650 60.8908 0 (0 0 0) (0 0 0)
5.660000e+02	5 (0 0.00868164 0.242117 0.749202) (23.5 0.678229 1.47544) 451 33004 2 33004 0.121634 0 1572 1 -1 1 0.00011 0 (0.477262 -0.122296 0.0070419) 2650 61.1216 0 (0 0 0) (0 0 0)
5.660000e+02	5 (0 0.386976 0.0382558 0.574768) (23.5 0.583423 1.4503) 359 33003 2 33003 0.786294 0 2271 1 -1 1 7.5e-05 0 (0.488292 -0.0778123 -0.00978789) 2650 60.7863 0 (0 0 0) (0 0 0)
5.660000e+02	5 (0 0.135547 0.0509239 0.813529) (23.5 0.675537 1.53132) 358 33068 1 33068 0.649167 0 2791 1 -1 1 5.3e-05 0 (0.475884 -0.153214 0.00231839) 2650 59.6492 0 (0 0 0) (0 0 0)
5.660000e+02	5 (0 0.715235 0.0370732 0.247692) (23.5 0.714325 1.47838) 358 33068 2 33068 0.40849 0 1670 1 -1 1 0.00011 0 (0.477852 -0.126829 0.0182816) 2650 61.4085 0 (0 0 0) (0 0 0)
5.660000e+02	5 (0 0.346986 0.542717 0.110297) (23.5 0.608048 1.51074) 279 33067 2 33067 0.471388 0 2735 1 -1 1 5.3e-05 0 (0.478985 -0.123793 0.000477052) 2650 59.4714 0 (0 0 0) (0 0 0)
5.660000e+02	5 (0 0.357645 0.521361 0.120994) (23.5 0.60889 1.50938) 279 33067 2 33067 0.419435 0 2835 1 -1 1 5.3e-05 0 (0.479018 -0.12337 0.000519851) 2650 59.4194 0 (0 0 0) (0 0 0)
5.660000e+02	5 (0 0.471755 0.139924 0.388321) (23.5 0.629298 1.50982) 279 33067 1 33067 0.27412 0 2736 1 -1 1 5.3e-05 0 (0.477633 -0.13001 0.00245401) 2650 59.2741 0 (0 0 0) (0 0 0)
5.660000e+02	5 (0 0.128492 0.76867 0.102839) (23.5 0.804008 1.53176) 450 33069 1 33069 0.284643 0 3376 1 -1 1 3.26e-05 0 (0.488983 -0.141048 0.00768158) 2650 58.2846 0 (0 0 0) (0 0 0)
5.660000e+02	5 (0 0.406416 0.0312093 0.562374) (23.5 0.615308 1.514) 279 33067 1 33067 0.879882 0 2876 1 -1 1 5.3e-05 0 (0.478189 -0.127605 0.0017778) 2650 59.8799 0 (0 0 0) (0 0 0)
5.660000e+02	5 (0 0.151144 0.827935 0.0209204) (23.5 0.821803 1.52893) 557 33070 2 33070 0.538394 0 3675 1 -1 1 2.12e-05 0 (0.49189 -0.133555 0.0165239) 2650 57.5384 0 (0 0 0) (0 0 0)
5.660000e+02	5 (0 0.0596408 0.0574304 0.882929) (23.5 0.872708 1.25887) 1106 32992 1 32992 0.646827 0 1139 1 -1 1 0.00015 0 (0.477221 0.0561077 0.166435) 2650 62.6468 0 (0 0 0) (0 0 0)
5.660000e+02	5 (0 0.541812 0.424938 0.03325) (23.5 0.992605 1.37706) 1452 33071 2 33071 0.517958 0 6192 1 -1 1.00001 3.3e-06 0 (0.358336 -0.00400313 0.165274) 2650 52.518 0 (0 0 0) (0 0 0)
5.660000e+02	5 (0 0.473518 0.364917 0.161565) (23.5 0.865825 1.50951) 557 33070 1 33070 0.0595071 0 4432 1 -1 1 1.25e-05 0 (0.500042 -0.101487 0.0484561) 2650 56.0595 0 (0 0 0) (0 0 0)
5.660000e+02	5 (0 0.0996955 0.511629 0.388675) (23.5 0.882519 1.50855) 673 33077 2 33077 0.202573 0 4934 1 -1 1 8.9e-06 0 (0.502564 -0.0910919 0.0521997) 2650 55.2026 0 (0 0 0) (0 0 0)
5.660000e+02	5 (0 0.272144 0.522088 0.205768) (23.5 0.972219 1.4936) 947 33109 2 33109 0.683985 0 5573 1 -1 1 4.3e-06 0 (0.497324 -0.0191758 0.0905983) 2650 53.684 0 (0 0 0) (0 0 0)
5.660000e+02	5 (0 0.348478 0.203345 0.448176) (23.5 0.822931 1.24223) 1106 32992 2 32992 0.38759 0 1057 1 -1 1 0.00015 0 (0.472721 0.0760084 0.12849) 2650 62.3876 0 (0 0 0) (0 0 0)
5.660000e+02	5 (0 0.262245 0.635757 0.101998) (23.5 0.892908 1.51653) 673 33077 2 33077 0.886342 0 5255 1 -1 1 6.4e-06 0 (0.503727 -0.0871118 0.0429998) 2650 54.8863 0 (0 0 0) (0 0 0)
5.660000e+02	5 (0 0.803384 0.11133 0.0852853) (23.5 0.957921 1.12186) 1845 33057 1 33057 0.704586 0 6606 1 -1 1 1.3e-06 0 (0.474411 0.0212939 0.24978) 2650 51.7046 0 (0 0 0) (0 0 0)
5.660000e+02	5 (0 0.442199 0.34118 0.216621) (23.5 0.862308 1.51152) 557 33070 1 33070 0.924604 0 4894 1 -1 1 8.9e-06 0 (0.499427 -0.1042 0.045309) 2650 55.9246 0 (0 0 0) (0 0 0)
5.660000e+02	5 (0 0.348744 0.230611 0.420646) (23.5 0.957589 1.49827) 802 33110 2 33110 0.972428 0 6054 1 -1 1.00001 3.3e-06 0 (0.501687 -0.0316409 0.081547) 2650 52.9724 0 (0 0 0) (0 0 0)
5.660000e+02	5 (0 0.131029 0.379471 0.4895) (23.5 0.900122 1.39969) 949 33009 2 33009 0.0166114 0 4893 1 -1 1 8.9e-06 0 (0.487919 -0.0282441 0.178829) 2650 55.0166 0 (0 0 0) (0 0 0)
5.660000e+02	5 (0 0.330835 0.235731 0.433434) (23.5 0.946973 1.4467) 948 33076 1 33076 0.181349 0 6572 1 -1 1 1.3e-06 0 (0.495799 -0.0296756 0.157927) 2650 51.1813 0 (0 0 0) (0 0 0)
5.660000e+02	5 (0 0.428357 0.188082 0.383561) (23.5 0.821886 1.23649) 1106 32992 2 32992 0.963258 0 1583 1 -1 1 0.00011 0 (0.472293 0.0786647 0.135595) 2650 61.9633 0 (0 0 0) (0 0 0)
5.660000e+02	5 (0 0.439103 0.414334 0.146562) (23.5 0.902265 1.44634) 803 33011 2 33011 0.201032 0 4175 1 -1 1 1.25e-05 0 (0.495463 -0.0501763 0.136753) 2650 56.201 0 (0 0 0) (0 0 0)
5.660000e+02	5 (0 0.0525816 0.926709 0.0207095) (23.5 0.934715 1.47207) 803 33011 2 33011 0.849817 0 5515 1 -1 1 4.3e-06 0 (0.501262 -0.0477217 0.125622) 2650 53.8498 0 (0 0 0) (0 0 0)
5.660000e+02	5 (0 0.38232 0.13811 0.479569) (23.5 0.948159 1.44364) 948 33076 1 33076 0.210981 0 6574 1 -1 1 1.3e-06 0 (0.495081 -0.0274384 0.161545) 2650 51.211 0 (0 0 0) (0 0 0)
5.660000e+02	5 (0 0.315364 0.104187 0.580449) (23.5 0.744241 1.24451) 951 32987 2 32987 0.756832 0 1036 1 -1 1 0.00015 0 (0.485134 0.0695434 0.0924221) 2650 62.7568 0 (0 0 0) (0 0 0)
5.660000e+02	5 (0 0.258583 0.42829 0.313128) (23.5 0.692825 1.24856) 806 32986 2 32986 0.542227 0 1727 1 -1 1 0.00011 0 (0.495768 0.0561899 0.0752817) 2650 61.5422 0 (0 0 0) (0 0 0)
5.660000e+02	5 (0 0.423258 0.0774987 0.499243) (23.5 0.912993 1.30316) 1105 33007 1 33007 0.0980968 0 5393 1 -1 1 6.4e-06 0 (0.483397 0.0250082 0.219374) 2650 54.0981 0 (0 0 0) (0 0 0)
5.660000e+02	5 (0 0.0476205 0.588546 0.363834) (23.5 0.91364 1.33578) 1105 33007 2 33007 0.953425 0 5893 1 -1 1 4.3e-06 0 (0.484318 0.00683812 0.218712) 2650 53.9534 0 (0 0 0) (0 0 0)
5.660000e+02	5 (0 0.30674 0.101028 0.592232) (23.5 0.855513 1.10071) 1456 32988 1 32988 0.359781 0 5912 1 -1 1 4.3e-06 0 (0.443899 0.0449738 0.151495) 2650 53.3598 0 (0 0 0) (0 0 0)
5.660000e+02	5 (0 0.039512 0.614764 0.345724) (23.5 0.915452 1.26438) 1273 32993 2 32993 0.499754 0 5913 1 -1 1 4.3e-06 0 (0.484869 0.036369 0.230117) 2650 53.4998 0 (0 0 0) (0 0 0)
5.660000e+02	5 (0 0.0885196 0.631717 0.279763) (23.5 0.916371 1.33283) 1105 33007 2 33007 0.920057 0 5934 1 -1 1 4.3e-06 0 (0.484389 0.00844894 0.221195) 2650 53.9201 0 (0 0 0) (0 0 0)
5.660000e+02	5 (0 0.198111 0.718406 0.0834833) (23.5 0.644236 1.27319) 560 32995 1 32995 0.570657 0 1701 1 -1 1 0.00011 0 (0.502887 0.0373007 0.0451865) 2650 61.5707 0 (0 0 0) (0 0 0)
5.660000e+02	5 (0 0.613388 0.345333 0.0412793) (23.5 0.689528 1.1982) 806 32986 1 32986 0.530733 0 5411 1 -1 1 6.4e-06 0 (0.499937 0.0756767 0.115845) 2650 54.5307 0 (0 0 0) (0 0 0)
5.660000e+02	5 (0 0.10718 0.0284027 0.864417) (23.5 0.571936 1.25737) 561 32982 1 32982 0.515057 0 3949 1 -1 1 2.12e-05 0 (0.517536 0.0332723 0.0513923) 2650 57.5151 0 (0 0 0) (0 0 0)
5.660000e+02	5 (0 0.244015 0.657869 0.0981155) (23.5 0.791411 1.20245) 951 32987 1 32987 0.438451 0 5932 1 -1 1 4.3e-06 0 (0.473836 0.094503 0.140788) 2650 53.4385 0 (0 0 0) (0 0 0)
5.660000e+02	5 (0 0.299328 0.68426 0.0164122) (23.5 0.787384 1.19657) 951 32987 1 32987 0.395778 0 6412 1 -1 1.00001 3.3e-06 0 (0.474505 0.0966494 0.14186) 2650 52.3958 0 (0 0 0) (0 0 0)
5.660000e+02	5 (0 0.634933 0.254939 0.110129) (23.5 0.600783 1.22145) 677 32983 2 32983 0.981494 0 3944 1 -1 1 2.12e-05 0 (0.514795 0.0498843 0.0779755) 2650 57.9815 0 (0 0 0) (0 0 0)
5.660000e+02	5 (0 0.221595 0.723512 0.0548921) (23.5 0.715308 1.18003) 952 32984 2 32984 0.540649 0 1573 1 -1 1 0.00011 0 (0.495133 0.0874994 0.129948) 2650 61.5406 0 (0 0 0) (0 0 0)
5.660000e+02	5 (0 0.185653 0.260861 0.553486) (23.5 0.67983 1.18247) 952 32984 2 32984 0.128844 0 3946 1 -1 1 2.12e-05 0 (0.503308 0.0777777 0.123458) 2650 57.1288 0 (0 0 0) (0 0 0)
5.660000e+02	5 (0 0.980351 0.00117136 0.0184775) (23.5 0.661377 1.19653) 806 32986 1 32986 0.51555 0 5390 1 -1 1 6.4e-06 0 (0.506716 0.0691683 0.106206) 2650 54.5156 0 (0 0 0) (0 0 0)
5.660000e+02	5 (0 0.121887 0.77354 0.104573) (23.5 0.650207 1.20272) 677 32983 1 32983 0.77037 0 5431 1 -1 1 6.4e-06 0 (0.508065 0.0649184 0.0997498) 2650 54.7704 0 (0 0 0) (0 0 0)
5.660000e+02	5 (0 0.328398 0.601971 0.06963) (23.5 0.633817 1.2002) 677 32983 1 32983 0.734919 0 2172 1 -1 1 7.5e-05 0 (0.511001 0.0631932 0.0936435) 2650 60.7349 0 (0 0 0) (0 0 0)
5.660000e+02	5 (0 0.333224 0.134018 0.532758) (23.5 0.473168 1.2335) 454 32957 1 32957 0.184216 0 3844 1 -1 1 2.12e-05 0 (0.533538 0.0256081 0.0619466) 2650 57.1842 0 (0 0 0) (0 0 0)
5.660000e+02	5 (0 0.331062 0.324975 0.343963) (23.5 0.473342 1.21992) 454 32957 1 32957 0.121535 0 6947 1 -1 1 1.3e-06 0 (0.533971 0.0292827 0.0703131) 2650 51.1215 0 (0 0 0) (0 0 0)
5.660000e+02	5 (0 0.186725 0.348577 0.464699) (23.5 0.608159 1.18236) 807 32981 2 32981 0.761288 0 2824 1 -1 1 5.3e-05 0 (0.515918 0.0639965 0.103498) 2650 59.7613 0 (0 0 0) (0 0 0)
5.660000e+02	5 (0 0.0474586 0.631847 0.320695) (23.5 0.41568 1.29035) 282 32968 1 32968 0.328249 0 1749 1 -1 1 0.00011 0 (0.540076 0.00945659 0.0287331) 2650 61.3282 0 (0 0 0) (0 0 0)
5.660000e+02	5 (0 0.611154 0.00361252 0.385234) (23.5 0.370923 1.29504) 282 32968 1 32968 0.0428864 0 4846 1 -1 1 8.9e-06 0 (0.545564 0.00769633 0.0376509) 2650 55.0429 0 (0 0 0) (0 0 0)
5.660000e+02	5 (0 0.264574 0.154914 0.580512) (23.5 0.592784 1.17701) 807 32981 2 32981 0.830699 0 6467 1 -1 1.00001 3.3e-06 0 (0.518528 0.0627165 0.106806) 2650 52.8307 0 (0 0 0) (0 0 0)
5.660000e+02	5 (0 0.528344 0.163154 0.308502) (23.5 0.377494 1.28948) 282 32968 1 32968 0.599936 0 5383 1 -1 1 6.4e-06 0 (0.544995 0.00896746 0.0396042) 2650 54.5999 0 (0 0 0) (0 0 0)
5.660000e+02	5 (0 0.00777597 0.314669 0.677555) (23.5 0.144256 1.5395) 30 33034 1 33034 0.200288 0 6419 1 -1 1.00001 3.3e-06 0 (0.563404 0.0075708 0.000105219) 2650 52.2003 0 (0 0 0) (0 0 0)
5.660000e+02	5 (0 0.069962 0.294584 0.635454) (23.5 0.258686 1.38405) 114 32966 1 32966 0.605789 0 6408 1 -1 1.00001 3.3e-06 0 (0.557447 0.00942592 0.027179) 2650 52.6058 0 (0 0 0) (0 0 0)
5.660000e+02	5 (0 0.246545 0.19604 0.557416) (23.5 0.0534304 1.52737) 7 33098 2 33098 0.520463 0 6532 1 -1 1 1.3e-06 0 (0.559902 0.00360177 0.00497197) 2650 51.5205 0 (0 0 0) (0 0 0)
5.660000e+02	5 (0 0.0781194 0.43013 0.491751) (23.5 0.0576839 1.51229) 7 33098 2 33098 0.921483 0 5512 1 -1 1 4.3e-06 0 (0.560903 0.00410084 0.0108956) 2650 53.9215 0 (0 0 0) (0 0 0)
5.670000e+02	5 (0 0.392578 0.40142 0.206002) (23.5 0.628634 1.354) 452 32997 1 32997 0.238173 0 1552 1 -1 1 0.00011 0 (0.497317 -0.0106307 0.00778108) 2650 62.2382 0 (0 0 0) (0 0 0)
5.670000e+02	5 (0 0.632582 0.0394926 0.327925) (23.5 0.982133 1.51669) 947 33109 2 33109 0.568634 0 2710 1 -1 1 5.3e-05 0 (0.49709 -0.0139445 0.0438729) 2650 60.5686 0 (0 0 0) (0 0 0)
5.670000e+02	5 (0 0.227673 0.279627 0.4927) (23.5 0.641638 1.37407) 452 32997 1 32997 0.699249 0 1554 1 -1 1 0.00011 0 (0.491801 -0.0269798 0.00652722) 2650 62.6992 0 (0 0 0) (0 0 0)
5.670000e+02	5 (0 0.438165 0.0320621 0.529773) (23.5 0.537805 1.51197) 211 33039 1 33039 0.132818 0 2229 1 -1 1 7.5e-05 0 (0.490962 -0.0971648 -0.00799615) 2650 61.1328 0 (0 0 0) (0 0 0)
5.670000e+02	5 (0 0.950602 0.0467066 0.00269098) (23.5 0.584299 1.40974) 359 33003 1 33003 0.997647 0 2291 1 -1 1 7.5e-05 0 (0.495869 -0.0451346 -0.011257) 2650 61.9976 0 (0 0 0) (0 0 0)
5.670000e+02	5 (0 0.666166 0.27893 0.0549037) (23.5 0.995146 1.38554) 1452 33071 2 33071 0.889585 0 5191 1 -1 1 6.4e-06 0 (0.32858 -0.00506379 0.152856) 2650 55.8896 0 (0 0 0) (0 0 0)
5.670000e+02	5 (0 0.0359019 0.801244 0.162854) (23.5 0.813969 1.52725) 557 33070 2 33070 0.283632 0 4436 1 -1 1 1.25e-05 0 (0.489561 -0.140762 0.0148233) 2650 57.2836 0 (0 0 0) (0 0 0)
5.670000e+02	5 (0 0.231459 0.606133 0.162408) (23.5 0.799128 1.52516) 450 33069 1 33069 0.749765 0 4395 1 -1 1 1.25e-05 0 (0.48704 -0.143904 0.0157307) 2650 57.7498 0 (0 0 0) (0 0 0)
5.670000e+02	5 (0 0.254086 0.725738 0.0201767) (23.5 0.809833 1.52371) 450 33069 1 33069 0.545676 0 4354 1 -1 1 1.25e-05 0 (0.488593 -0.140663 0.0172828) 2650 57.5457 0 (0 0 0) (0 0 0)
5.670000e+02	5 (0 0.503951 0.468328 0.0277209) (23.5 0.938615 1.50753) 673 33077 1 33077 0.185595 0 6255 1 -1 1.00001 3.3e-06 0 (0.505324 -0.0547485 0.0651386) 2650 53.1856 0 (0 0 0) (0 0 0)
5.670000e+02	5 (0 0.355466 0.492532 0.152002) (23.5 0.799479 1.51721) 450 33069 1 33069 0.936078 0 4415 1 -1 1 1.25e-05 0 (0.486608 -0.140245 0.0242353) 2650 57.9361 0 (0 0 0) (0 0 0)
5.670000e+02	5 (0 0.525775 0.174615 0.29961) (23.5 0.909363 1.48683) 673 33077 2 33077 0.698535 0 6593 1 -1 1 1.3e-06 0 (0.501657 -0.0714339 0.0996178) 2650 52.6985 0 (0 0 0) (0 0 0)
5.670000e+02	5 (0 0.22095 0.299634 0.479416) (23.5 0.793155 1.22983) 951 32987 1 32987 0.407362 0 1641 1 -1 1 0.00011 0 (0.473367 0.0870527 0.121823) 2650 62.4074 0 (0 0 0) (0 0 0)
5.670000e+02	5 (0 0.0287155 0.0949991 0.876285) (23.5 0.873973 1.46737) 674 33010 1 33010 0.708848 0 4433 1 -1 1 1.25e-05 0 (0.497143 -0.0838231 0.110845) 2650 57.7088 0 (0 0 0) (0 0 0)
5.670000e+02	5 (0 0.541743 0.0167528 0.441504) (23.5 0.769884 1.22705) 951 32987 1 32987 0.469874 0 1721 1 -1 1 0.00011 0 (0.480341 0.0833302 0.120712) 2650 62.4699 0 (0 0 0) (0 0 0)
5.670000e+02	5 (0 0.444064 0.276789 0.279148) (23.5 0.893772 1.37789) 949 33009 2 33009 0.0983679 0 3914 1 -1 1 2.12e-05 0 (0.484481 -0.0155776 0.185759) 2650 58.0984 0 (0 0 0) (0 0 0)
5.670000e+02	5 (0 0.745483 0.222984 0.0315324) (23.5 0.859584 1.48997) 557 33070 2 33070 0.821611 0 4435 1 -1 1 1.25e-05 0 (0.496485 -0.103108 0.0807778) 2650 57.8216 0 (0 0 0) (0 0 0)
5.670000e+02	5 (0 0.108654 0.632106 0.25924) (23.5 0.9164 1.33138) 1105 33007 2 33007 0.260014 0 5873 1 -1 1 4.3e-06 0 (0.482643 0.010411 0.226107) 2650 54.26 0 (0 0 0) (0 0 0)
5.670000e+02	5 (0 0.608824 0.365909 0.0252668) (23.5 0.901179 1.34097) 949 33009 1 33009 0.588388 0 4434 1 -1 1 1.25e-05 0 (0.482066 0.00554556 0.210007) 2650 57.5884 0 (0 0 0) (0 0 0)
5.670000e+02	5 (0 0.288602 0.611302 0.100095) (23.5 0.557312 1.27437) 453 32994 1 32994 0.0123581 0 4369 1 -1 1 1.25e-05 0 (0.520992 0.0246835 0.0396432) 2650 57.0124 0 (0 0 0) (0 0 0)
5.670000e+02	5 (0 0.0806295 0.471014 0.448356) (23.5 0.537918 1.33371) 453 32994 2 32994 0.372773 0 4331 1 -1 1 1.25e-05 0 (0.518449 -0.000125196 0.0119702) 2650 57.3728 0 (0 0 0) (0 0 0)
5.670000e+02	5 (0 0.0428176 0.388288 0.568894) (23.5 0.531258 1.33645) 453 32994 2 32994 0.16693 0 4829 1 -1 1 8.9e-06 0 (0.519605 -0.00118896 0.010752) 2650 56.1669 0 (0 0 0) (0 0 0)
5.670000e+02	5 (0 0.242584 0.739053 0.0183628) (23.5 0.174845 1.06336) 285 32941 1 32941 0.153271 0 2226 1 -1 1 7.5e-05 0 (0.52766 -0.017547 0.146097) 2650 61.1533 0 (0 0 0) (0 0 0)
5.670000e+02	5 (0 0.188284 0.673057 0.138659) (23.5 0.55423 1.25357) 561 32982 2 32982 0.477695 0 3971 1 -1 1 2.12e-05 0 (0.522656 0.0309261 0.0506904) 2650 58.4777 0 (0 0 0) (0 0 0)
5.670000e+02	5 (0 0.257641 0.582916 0.159443) (23.5 0.639442 1.20667) 677 32983 1 32983 0.298673 0 5451 1 -1 1 6.4e-06 0 (0.510814 0.061959 0.0936303) 2650 55.2987 0 (0 0 0) (0 0 0)
5.670000e+02	5 (0 0.0428114 0.646933 0.310255) (23.5 0.709478 1.19231) 952 32984 2 32984 0.691262 0 6434 1 -1 1.00001 3.3e-06 0 (0.494653 0.0846561 0.127105) 2650 53.6913 0 (0 0 0) (0 0 0)
5.670000e+02	5 (0 0.0261944 0.0391188 0.934687) (23.5 0.734538 1.19078) 952 32984 1 32984 0.236017 0 5952 1 -1 1 4.3e-06 0 (0.487609 0.0914121 0.138082) 2650 54.236 0 (0 0 0) (0 0 0)
5.670000e+02	5 (0 0.638037 0.225051 0.136913) (23.5 0.833543 1.20535) 1106 32992 1 32992 0.743578 0 6893 1 -1 1 1.3e-06 0 (0.465574 0.0954913 0.153606) 2650 52.7436 0 (0 0 0) (0 0 0)
5.670000e+02	5 (0 0.754608 0.169532 0.0758594) (23.5 0.519745 1.34486) 360 32996 1 32996 0.591882 0 2249 1 -1 1 7.5e-05 0 (0.520785 -0.00579531 0.00327038) 2650 61.5919 0 (0 0 0) (0 0 0)
5.670000e+02	5 (0 0.783506 0.0758548 0.140639) (23.5 0.665714 1.21078) 806 32986 2 32986 0.909222 0 5392 1 -1 1 6.4e-06 0 (0.505674 0.0653849 0.0970656) 2650 55.9092 0 (0 0 0) (0 0 0)
5.670000e+02	5 (0 0.290496 0.139371 0.570133) (23.5 0.591625 1.24623) 677 32983 2 32983 0.602936 0 5391 1 -1 1 6.4e-06 0 (0.516885 0.0403106 0.0591213) 2650 55.6029 0 (0 0 0) (0 0 0)
5.670000e+02	5 (0 0.608717 0.318074 0.0732085) (23.5 0.450953 1.27242) 361 32969 1 32969 0.330109 0 1454 1 -1 1 0.00015 0 (0.537951 0.0134884 0.0261613) 2650 63.3301 0 (0 0 0) (0 0 0)
5.670000e+02	5 (0 0.854617 0.11245 0.0329328) (23.5 0.818907 1.19785) 1106 32992 1 32992 0.663655 0 6409 1 -1 1.00001 3.3e-06 0 (0.464366 0.103421 0.1458) 2650 53.6637 0 (0 0 0) (0 0 0)
5.670000e+02	5 (0 0.0160431 0.140039 0.843918) (23.5 0.818533 1.19439) 1274 32990 2 32990 0.199927 0 5967 1 -1 1 4.3e-06 0 (0.463681 0.104069 0.14561) 2650 54.1999 0 (0 0 0) (0 0 0)
5.670000e+02	5 (0 0.733874 0.0490097 0.217116) (23.5 0.601661 1.21081) 677 32983 1 32983 0.854914 0 2897 1 -1 1 5.3e-05 0 (0.516964 0.0537594 0.0812895) 2650 60.8549 0 (0 0 0) (0 0 0)
5.670000e+02	5 (0 0.0779698 0.900747 0.0212833) (23.5 0.651983 1.18984) 807 32981 2 32981 0.858599 0 2317 1 -1 1 7.5e-05 0 (0.509698 0.0699109 0.103098) 2650 61.8586 0 (0 0 0) (0 0 0)
5.670000e+02	5 (0 0.121582 0.289778 0.58864) (23.5 0.828593 1.1872) 1274 32990 2 32990 0.321041 0 6977 1 -1 1 1.3e-06 0 (0.462027 0.097574 0.152648) 2650 52.321 0 (0 0 0) (0 0 0)
5.670000e+02	5 (0 0.143834 0.262815 0.593352) (23.5 0.601358 1.18531) 807 32981 2 32981 0.179355 0 3827 1 -1 1 2.12e-05 0 (0.518375 0.0618706 0.101062) 2650 58.1794 0 (0 0 0) (0 0 0)
5.670000e+02	5 (0 0.0551255 0.596541 0.348334) (23.5 0.187507 1.08466) 285 32941 1 32941 0.715202 0 2622 1 -1 1 5.3e-05 0 (0.538469 -0.0106774 0.136014) 2650 60.7152 0 (0 0 0) (0 0 0)
5.670000e+02	5 (0 0.176124 0.376063 0.447813) (23.5 0.485817 1.22739) 454 32957 1 32957 0.959024 0 1770 1 -1 1 0.00011 0 (0.534029 0.0271789 0.0553596) 2650 62.959 0 (0 0 0) (0 0 0)
5.670000e+02	5 (0 0.329695 0.115608 0.554697) (23.5 0.711156 1.16467) 952 32984 1 32984 0.751027 0 6970 1 -1 1 1.3e-06 0 (0.495602 0.0897403 0.149772) 2650 52.751 0 (0 0 0) (0 0 0)
5.670000e+02	5 (0 0.59167 0.0230528 0.385277) (23.5 0.37247 1.29505) 282 32968 1 32968 0.263872 0 4826 1 -1 1 8.9e-06 0 (0.547401 0.00608803 0.0371283) 2650 56.2639 0 (0 0 0) (0 0 0)
5.670000e+02	5 (0 0.194686 0.680152 0.125162) (23.5 0.403975 1.27619) 282 32968 1 32968 0.741805 0 5364 1 -1 1 6.4e-06 0 (0.544375 0.010585 0.0431036) 2650 55.7418 0 (0 0 0) (0 0 0)
5.670000e+02	5 (0 0.273646 0.278037 0.448318) (23.5 0.441843 1.24743) 454 32957 2 32957 0.26371 0 5906 1 -1 1 4.3e-06 0 (0.539613 0.0183801 0.054733) 2650 54.2637 0 (0 0 0) (0 0 0)
5.670000e+02	5 (0 0.227054 0.125208 0.647739) (23.5 0.429526 1.25078) 454 32957 2 32957 0.505307 0 6908 1 -1 1 1.3e-06 0 (0.541368 0.0168292 0.0537455) 2650 52.5053 0 (0 0 0) (0 0 0)
5.670000e+02	5 (0 0.438704 0.420581 0.140716) (23.5 0.22198 1.44676) 78 32972 2 32972 0.162182 0 6927 1 -1 1 1.3e-06 0 (0.561238 0.00484299 0.0196902) 2650 52.1622 0 (0 0 0) (0 0 0)
5.670000e+02	5 (0 0.677303 0.157215 0.165482) (23.5 0.20259 1.08295) 364 32946 2 32946 0.599266 0 2727 1 -1 1 5.3e-05 0 (0.539776 -0.00965552 0.135117) 2650 60.5993 0 (0 0 0) (0 0 0)
5.670000e+02	5 (0 0.553714 0.0928328 0.353453) (23.5 0.0463655 1.53402) 7 33098 2 33098 0.0940738 0 5014 1 -1 1 6.4e-06 0 (0.559186 0.00262888 0.00229242) 2650 55.0941 0 (0 0 0) (0 0 0)
5.680000e+02	5 (0 0.262488 0.0983336 0.639178) (23.5 0.5211 1.4823) 211 33039 2 33039 0.0917594 0 1577 1 -1 1 0.00011 0 (0.499294 -0.0828294 -0.0209342) 2650 63.0918 0 (0 0 0) (0 0 0)
5.680000e+02	5 (0 0.0851483 0.831082 0.0837699) (23.5 0.935867 1.53451) 673 33077 1 33077 0.475511 0 2187 1 -1 1 7.5e-05 0 (0.509077 -0.0632786 0.00688876) 2650 62.4755 0 (0 0 0) (0 0 0)
5.680000e+02	5 (0 0.351253 0.378587 0.27016) (23.5 0.993382 1.43245) 1270 33074 2 33074 0.897424 0 4156 1 -1 1 1.25e-05 0 (0.354923 -0.00739913 0.139689) 2650 58.8974 0 (0 0 0) (0 0 0)
5.680000e+02	5 (0 0.192418 0.311436 0.496147) (23.5 0.525034 1.46322) 280 33002 2 33002 0.532875 0 2270 1 -1 1 7.5e-05 0 (0.50155 -0.074451 -0.016973) 2650 62.5329 0 (0 0 0) (0 0 0)
5.680000e+02	5 (0 0.0404281 0.250688 0.708884) (23.5 0.520151 1.47332) 280 33002 2 33002 0.936013 0 2250 1 -1 1 7.5e-05 0 (0.500866 -0.078218 -0.0176605) 2650 62.936 0 (0 0 0) (0 0 0)
5.680000e+02	5 (0 0.193201 0.624691 0.182108) (23.5 0.646536 1.52764) 279 33067 1 33067 0.256717 0 2790 1 -1 1 5.3e-05 0 (0.47379 -0.156815 -0.000538683) 2650 61.2567 0 (0 0 0) (0 0 0)
5.680000e+02	5 (0 0.567743 0.0631527 0.369105) (23.5 0.974288 1.51642) 947 33109 1 33109 0.49022 0 5236 1 -1 1 6.4e-06 0 (0.50089 -0.0196041 0.0503383) 2650 56.4902 0 (0 0 0) (0 0 0)
5.680000e+02	5 (0 0.652591 0.0293748 0.318034) (23.5 0.70954 1.47789) 358 33068 2 33068 0.14544 0 1708 1 -1 1 0.00011 0 (0.475568 -0.135694 0.0173634) 2650 63.1454 0 (0 0 0) (0 0 0)
5.680000e+02	5 (0 0.151147 0.394425 0.454428) (23.5 0.777268 1.53031) 450 33069 1 33069 0.653215 0 4635 1 -1 1 8.9e-06 0 (0.483319 -0.156624 0.0105231) 2650 57.6532 0 (0 0 0) (0 0 0)
5.680000e+02	5 (0 0.148602 0.382972 0.468426) (23.5 0.776216 1.53047) 450 33069 1 33069 0.69362 0 4615 1 -1 1 8.9e-06 0 (0.483159 -0.156962 0.0103447) 2650 57.6936 0 (0 0 0) (0 0 0)
5.680000e+02	5 (0 0.244503 0.713708 0.0417889) (23.5 0.873652 1.52425) 557 33070 1 33070 0.556996 0 6095 1 -1 1.00001 3.3e-06 0 (0.503419 -0.108663 0.026628) 2650 54.557 0 (0 0 0) (0 0 0)
5.680000e+02	5 (0 0.0623392 0.474099 0.463562) (23.5 0.872104 1.37159) 804 33008 1 33008 0.398331 0 1562 1 -1 1 0.00011 0 (0.481953 -0.0157195 0.164772) 2650 63.3983 0 (0 0 0) (0 0 0)
5.680000e+02	5 (0 0.171068 0.224234 0.604698) (23.5 0.864405 1.44934) 674 33010 1 33010 0.745234 0 3655 1 -1 1 2.12e-05 0 (0.492361 -0.0761689 0.12028) 2650 59.7452 0 (0 0 0) (0 0 0)
5.680000e+02	5 (0 0.643022 0.313194 0.0437834) (23.5 0.896417 1.29294) 1105 33007 2 33007 0.403898 0 1563 1 -1 1 0.00011 0 (0.478582 0.040253 0.197193) 2650 63.4039 0 (0 0 0) (0 0 0)
5.680000e+02	5 (0 0.84566 0.0776726 0.0766674) (23.5 0.747776 1.2008) 951 32987 1 32987 0.210854 0 6253 1 -1 1.00001 3.3e-06 0 (0.482088 0.0940303 0.13421) 2650 54.2109 0 (0 0 0) (0 0 0)
5.680000e+02	5 (0 0.488253 0.486893 0.0248538) (23.5 0.61921 1.23201) 677 32983 2 32983 0.165616 0 3913 1 -1 1 2.12e-05 0 (0.513905 0.0492895 0.0701679) 2650 59.1656 0 (0 0 0) (0 0 0)
5.680000e+02	5 (0 0.0314228 0.556047 0.41253) (23.5 0.702509 1.19308) 952 32984 2 32984 0.367662 0 6273 1 -1 1.00001 3.3e-06 0 (0.496004 0.0838178 0.123079) 2650 54.3677 0 (0 0 0) (0 0 0)
5.680000e+02	5 (0 0.748587 0.200051 0.0513623) (23.5 0.679159 1.19891) 806 32986 1 32986 0.217274 0 6413 1 -1 1.00001 3.3e-06 0 (0.503497 0.0745736 0.109109) 2650 54.2173 0 (0 0 0) (0 0 0)
5.680000e+02	5 (0 0.00588991 0.870527 0.123583) (23.5 0.726637 1.19486) 952 32984 2 32984 0.478288 0 6892 1 -1 1 1.3e-06 0 (0.488095 0.0908176 0.131495) 2650 53.4783 0 (0 0 0) (0 0 0)
5.680000e+02	5 (0 0.488887 0.0173233 0.49379) (23.5 0.501394 1.30414) 453 32994 2 32994 0.6477 0 3471 1 -1 1 3.26e-05 0 (0.531211 0.00631541 0.0219287) 2650 60.6477 0 (0 0 0) (0 0 0)
5.680000e+02	5 (0 0.777364 0.056367 0.166269) (23.5 0.517926 1.27916) 453 32994 1 32994 0.421494 0 3469 1 -1 1 3.26e-05 0 (0.529672 0.015068 0.033244) 2650 60.4215 0 (0 0 0) (0 0 0)
5.680000e+02	5 (0 0.59795 0.341875 0.0601751) (23.5 0.53239 1.27147) 453 32994 1 32994 0.56 0 5370 1 -1 1 6.4e-06 0 (0.528167 0.0211766 0.038203) 2650 56.56 0 (0 0 0) (0 0 0)
5.680000e+02	5 (0 0.124162 0.476898 0.39894) (23.5 0.696416 1.18671) 952 32984 2 32984 0.415829 0 5889 1 -1 1 4.3e-06 0 (0.498339 0.0833986 0.125967) 2650 55.4158 0 (0 0 0) (0 0 0)
5.680000e+02	5 (0 0.0596205 0.28629 0.65409) (23.5 0.681812 1.19113) 952 32984 2 32984 0.536617 0 5948 1 -1 1 4.3e-06 0 (0.502815 0.0779114 0.116225) 2650 55.5366 0 (0 0 0) (0 0 0)
5.680000e+02	5 (0 0.363299 0.0535202 0.583181) (23.5 0.551298 1.23713) 561 32982 1 32982 0.994992 0 2117 1 -1 1 7.5e-05 0 (0.525827 0.0344398 0.0542746) 2650 62.995 0 (0 0 0) (0 0 0)
5.680000e+02	5 (0 0.218598 0.289893 0.491508) (23.5 0.482401 1.37396) 281 32971 1 32971 0.287709 0 4849 1 -1 1 8.9e-06 0 (0.527203 -0.0178461 -0.000204217) 2650 57.2877 0 (0 0 0) (0 0 0)
5.680000e+02	5 (0 0.411407 0.213095 0.375498) (23.5 0.517154 1.30975) 453 32994 2 32994 0.617077 0 5350 1 -1 1 6.4e-06 0 (0.527388 0.00535378 0.0202872) 2650 56.6171 0 (0 0 0) (0 0 0)
5.680000e+02	5 (0 0.154219 0.415771 0.43001) (23.5 0.487584 1.36965) 281 32971 1 32971 0.704367 0 4830 1 -1 1 8.9e-06 0 (0.526887 -0.0161648 0.000301417) 2650 57.7044 0 (0 0 0) (0 0 0)
5.680000e+02	5 (0 0.364495 0.297427 0.338078) (23.5 0.682592 1.17019) 952 32984 2 32984 0.678526 0 2176 1 -1 1 7.5e-05 0 (0.503822 0.0828478 0.129646) 2650 62.6785 0 (0 0 0) (0 0 0)
5.680000e+02	5 (0 0.238503 0.130529 0.630967) (23.5 0.745943 1.17891) 1107 32985 2 32985 0.593161 0 5908 1 -1 1 4.3e-06 0 (0.480998 0.0946829 0.148608) 2650 55.5932 0 (0 0 0) (0 0 0)
5.680000e+02	5 (0 0.283508 0.657689 0.0588038) (23.5 0.710244 1.17578) 952 32984 2 32984 0.686686 0 2948 1 -1 1 5.3e-05 0 (0.49452 0.0900889 0.138514) 2650 61.6867 0 (0 0 0) (0 0 0)
5.680000e+02	5 (0 0.270404 0.149122 0.580474) (23.5 0.715705 1.16644) 952 32984 1 32984 0.298071 0 6968 1 -1 1 1.3e-06 0 (0.492215 0.0904267 0.150645) 2650 53.2981 0 (0 0 0) (0 0 0)
5.680000e+02	5 (0 0.0525887 0.754039 0.193372) (23.5 0.495765 1.20908) 454 32957 1 32957 0.0403915 0 6969 1 -1 1 1.3e-06 0 (0.53495 0.0312491 0.0741697) 2650 53.0404 0 (0 0 0) (0 0 0)
5.680000e+02	5 (0 0.129003 0.651349 0.219648) (23.5 0.471914 1.25783) 454 32957 2 32957 0.693303 0 1110 1 -1 1 0.00015 0 (0.537904 0.0171857 0.0306431) 2650 64.6933 0 (0 0 0) (0 0 0)
5.680000e+02	5 (0 0.0699144 0.638365 0.29172) (23.5 0.413895 1.28825) 282 32968 1 32968 0.689092 0 2308 1 -1 1 7.5e-05 0 (0.545251 0.00699375 0.0327035) 2650 62.6891 0 (0 0 0) (0 0 0)
5.680000e+02	5 (0 0.744181 0.0682426 0.187577) (23.5 0.505498 1.21357) 561 32982 2 32982 0.474405 0 5441 1 -1 1 6.4e-06 0 (0.533519 0.0316301 0.0716179) 2650 56.4744 0 (0 0 0) (0 0 0)
5.680000e+02	5 (0 0.0353908 0.466573 0.498036) (23.5 0.537568 1.19274) 678 32980 2 32980 0.522424 0 6967 1 -1 1 1.3e-06 0 (0.529421 0.0453927 0.0874014) 2650 53.5224 0 (0 0 0) (0 0 0)
5.680000e+02	5 (0 0.800348 0.170432 0.0292199) (23.5 0.20566 1.06396) 364 32946 1 32946 0.493756 0 1451 1 -1 1 0.00015 0 (0.534325 -0.00785875 0.131014) 2650 64.4938 0 (0 0 0) (0 0 0)
5.680000e+02	5 (0 0.460406 0.18949 0.350103) (23.5 0.160111 1.15104) 216 32943 1 32943 0.340372 0 2042 1 -1 1 7.5e-05 0 (0.548126 0.0138512 0.119378) 2650 62.3404 0 (0 0 0) (0 0 0)
5.680000e+02	5 (0 0.228806 0.43191 0.339284) (23.5 0.222603 1.11191) 364 32946 2 32946 0.41721 0 2163 1 -1 1 7.5e-05 0 (0.546028 0.00189383 0.117193) 2650 62.4172 0 (0 0 0) (0 0 0)
5.680000e+02	5 (0 0.288606 0.635637 0.0757574) (23.5 0.105212 1.20118) 116 32944 1 32944 0.722836 0 2106 1 -1 1 7.5e-05 0 (0.546139 0.0310761 0.139284) 2650 62.7228 0 (0 0 0) (0 0 0)
5.680000e+02	5 (0 0.312834 0.347137 0.340029) (23.5 0.0522766 1.51763) 7 33098 2 33098 0.564828 0 6032 1 -1 1.00001 3.3e-06 0 (0.561559 0.00343596 0.00861961) 2650 54.5648 0 (0 0 0) (0 0 0)
5.690000e+02	5 (0 0.0662278 0.89714 0.0366325) (23.5 0.666512 1.53342) 358 33068 2 33068 0.222715 0 2207 1 -1 1 7.5e-05 0 (0.471741 -0.171848 -0.00184718) 2650 63.2227 0 (0 0 0) (0 0 0)
5.690000e+02	5 (0 0.514354 0.0564703 0.429175) (23.5 0.697161 1.29825) 676 32998 1 32998 0.0864977 0 1553 1 -1 1 0.00011 0 (0.49451 0.0302883 0.0465207) 2650 64.0865 0 (0 0 0) (0 0 0)
5.690000e+02	5 (0 0.0743849 0.842834 0.0827809) (23.5 0.653909 1.34538) 452 32997 1 32997 0.730523 0 1650 1 -1 1 0.00011 0 (0.495741 -0.00358161 0.0086144) 2650 64.7305 0 (0 0 0) (0 0 0)
5.690000e+02	5 (0 0.443667 0.149755 0.406578) (23.5 0.54472 1.43658) 280 33002 1 33002 0.185157 0 2290 1 -1 1 7.5e-05 0 (0.503004 -0.066706 -0.0171096) 2650 63.1852 0 (0 0 0) (0 0 0)
5.690000e+02	5 (0 0.511985 0.274062 0.213954) (23.5 0.541155 1.49355) 211 33039 2 33039 0.931732 0 2228 1 -1 1 7.5e-05 0 (0.49345 -0.0989794 -0.0132391) 2650 63.9317 0 (0 0 0) (0 0 0)
5.690000e+02	5 (0 0.240445 0.458161 0.301394) (23.5 0.636777 1.52462) 279 33067 1 33067 0.336265 0 2770 1 -1 1 5.3e-05 0 (0.473647 -0.157285 -0.000201022) 2650 62.3363 0 (0 0 0) (0 0 0)
5.690000e+02	5 (0 0.374762 0.120364 0.504873) (23.5 0.688556 1.48371) 358 33068 2 33068 0.723131 0 1681 1 -1 1 0.00011 0 (0.474408 -0.143192 0.00918438) 2650 64.7231 0 (0 0 0) (0 0 0)
5.690000e+02	5 (0 0.281778 0.120802 0.59742) (23.5 0.691623 1.52197) 358 33068 1 33068 0.994321 0 4134 1 -1 1 1.25e-05 0 (0.47326 -0.165878 0.0102214) 2650 59.9943 0 (0 0 0) (0 0 0)
5.690000e+02	5 (0 0.484784 0.0113512 0.503865) (23.5 0.843836 1.50878) 557 33070 1 33070 0.207262 0 6758 1 -1 1 1.3e-06 0 (0.494515 -0.127669 0.0545967) 2650 54.2073 0 (0 0 0) (0 0 0)
5.690000e+02	5 (0 0.0870399 0.490077 0.422883) (23.5 0.816306 1.50729) 557 33070 2 33070 0.728593 0 6553 1 -1 1 1.3e-06 0 (0.488479 -0.139924 0.0400976) 2650 54.7286 0 (0 0 0) (0 0 0)
5.690000e+02	5 (0 0.305799 0.373722 0.320479) (23.5 0.830587 1.49976) 557 33070 2 33070 0.723754 0 6555 1 -1 1 1.3e-06 0 (0.491076 -0.129631 0.0573987) 2650 54.7238 0 (0 0 0) (0 0 0)
5.690000e+02	5 (0 0.237807 0.337912 0.424281) (23.5 0.825894 1.49749) 557 33070 2 33070 0.804342 0 6736 1 -1 1 1.3e-06 0 (0.489928 -0.130723 0.0571778) 2650 54.8043 0 (0 0 0) (0 0 0)
5.690000e+02	5 (0 0.566174 0.310707 0.12312) (23.5 0.847851 1.49565) 557 33070 2 33070 0.340508 0 6755 1 -1 1 1.3e-06 0 (0.494524 -0.119591 0.072584) 2650 54.3405 0 (0 0 0) (0 0 0)
5.690000e+02	5 (0 0.643 0.290314 0.0666855) (23.5 0.852939 1.49432) 557 33070 2 33070 0.208052 0 6775 1 -1 1 1.3e-06 0 (0.495532 -0.116576 0.0771933) 2650 54.2081 0 (0 0 0) (0 0 0)
5.690000e+02	5 (0 0.653017 0.282018 0.0649649) (23.5 0.853583 1.49378) 557 33070 2 33070 0.200377 0 6795 1 -1 1 1.3e-06 0 (0.495637 -0.116017 0.0781982) 2650 54.2004 0 (0 0 0) (0 0 0)
5.690000e+02	5 (0 0.0485212 0.278178 0.6733) (23.5 0.894072 1.33573) 1105 33007 2 33007 0.560662 0 6294 1 -1 1.00001 3.3e-06 0 (0.479408 0.0121496 0.211696) 2650 55.5607 0 (0 0 0) (0 0 0)
5.690000e+02	5 (0 0.0816411 0.361648 0.55671) (23.5 0.493421 1.30744) 361 32969 1 32969 0.113683 0 4869 1 -1 1 8.9e-06 0 (0.535187 0.00393977 0.0200351) 2650 58.1137 0 (0 0 0) (0 0 0)
5.690000e+02	5 (0 0.678888 0.0197014 0.30141) (23.5 0.606033 1.21687) 677 32983 1 32983 0.0719824 0 1612 1 -1 1 0.00011 0 (0.519573 0.0529179 0.0677494) 2650 64.072 0 (0 0 0) (0 0 0)
5.690000e+02	5 (0 0.103809 0.529044 0.367147) (23.5 0.910044 1.25979) 1273 32993 2 32993 0.157083 0 6468 1 -1 1.00001 3.3e-06 0 (0.476254 0.0534938 0.229603) 2650 55.1571 0 (0 0 0) (0 0 0)
5.690000e+02	5 (0 0.321416 0.641399 0.0371849) (23.5 0.711922 1.19792) 806 32986 1 32986 0.755092 0 5716 1 -1 1 4.3e-06 0 (0.492013 0.0863234 0.122577) 2650 56.7551 0 (0 0 0) (0 0 0)
5.690000e+02	5 (0 0.381133 0.607575 0.0112924) (23.5 0.469316 1.34034) 281 32971 1 32971 0.541514 0 4428 1 -1 1 1.25e-05 0 (0.53748 -0.00510252 0.00906489) 2650 59.5415 0 (0 0 0) (0 0 0)
5.690000e+02	5 (0 0.16554 0.37992 0.454541) (23.5 0.688967 1.18386) 952 32984 2 32984 0.93376 0 1218 1 -1 1 0.00015 0 (0.501026 0.0822149 0.108952) 2650 65.9338 0 (0 0 0) (0 0 0)
5.690000e+02	5 (0 0.215346 0.467979 0.316674) (23.5 0.537706 1.25162) 561 32982 2 32982 0.911444 0 3472 1 -1 1 3.26e-05 0 (0.53046 0.0275011 0.0469253) 2650 61.9114 0 (0 0 0) (0 0 0)
5.690000e+02	5 (0 0.845756 0.041072 0.113172) (23.5 0.512419 1.27531) 453 32994 1 32994 0.718947 0 5930 1 -1 1 4.3e-06 0 (0.533871 0.0149371 0.0340494) 2650 56.7189 0 (0 0 0) (0 0 0)
5.690000e+02	5 (0 0.200602 0.228426 0.570973) (23.5 0.564398 1.23625) 561 32982 1 32982 0.848083 0 5468 1 -1 1 6.4e-06 0 (0.526504 0.0379231 0.0588511) 2650 57.8481 0 (0 0 0) (0 0 0)
5.690000e+02	5 (0 0.0964636 0.480117 0.42342) (23.5 0.696669 1.18861) 952 32984 2 32984 0.309104 0 6429 1 -1 1.00001 3.3e-06 0 (0.497742 0.0839464 0.123723) 2650 55.3091 0 (0 0 0) (0 0 0)
5.690000e+02	5 (0 0.558612 0.28073 0.160658) (23.5 0.602835 1.22694) 677 32983 2 32983 0.591374 0 6853 1 -1 1 1.3e-06 0 (0.519759 0.0487361 0.0696204) 2650 54.5914 0 (0 0 0) (0 0 0)
5.690000e+02	5 (0 0.484107 0.0823633 0.43353) (23.5 0.587088 1.2323) 677 32983 2 32983 0.779808 0 6873 1 -1 1 1.3e-06 0 (0.523095 0.044636 0.0638565) 2650 54.7798 0 (0 0 0) (0 0 0)
5.690000e+02	5 (0 0.426581 0.132649 0.44077) (23.5 0.510678 1.30865) 453 32994 2 32994 0.820417 0 4374 1 -1 1 1.25e-05 0 (0.531827 0.00460498 0.018687) 2650 59.8204 0 (0 0 0) (0 0 0)
5.690000e+02	5 (0 0.37004 0.107253 0.522708) (23.5 0.508633 1.31275) 453 32994 2 32994 0.476268 0 5373 1 -1 1 6.4e-06 0 (0.532012 0.00330123 0.0169614) 2650 57.4763 0 (0 0 0) (0 0 0)
5.690000e+02	5 (0 0.367547 0.253515 0.378938) (23.5 0.47041 1.36608) 281 32971 1 32971 0.809317 0 5371 1 -1 1 6.4e-06 0 (0.533545 -0.0155423 0.00197352) 2650 57.8093 0 (0 0 0) (0 0 0)
5.690000e+02	5 (0 0.0364473 0.751286 0.212267) (23.5 0.8738 1.14177) 1274 32990 1 32990 0.959458 0 1710 1 -1 1 0.00011 0 (0.43114 0.0725883 0.112101) 2650 64.9595 0 (0 0 0) (0 0 0)
5.690000e+02	5 (0 0.440797 0.516275 0.0429284) (23.5 0.846841 1.19869) 1106 32992 1 32992 0.61258 0 2134 1 -1 1 7.5e-05 0 (0.457882 0.109763 0.146577) 2650 63.6126 0 (0 0 0) (0 0 0)
5.690000e+02	5 (0 0.221926 0.396879 0.381195) (23.5 0.901704 1.25136) 1273 32993 2 32993 0.569281 0 6929 1 -1 1 1.3e-06 0 (0.473465 0.0615625 0.214994) 2650 54.5693 0 (0 0 0) (0 0 0)
5.690000e+02	5 (0 0.0605883 0.403021 0.536391) (23.5 0.902117 1.26289) 1273 32993 2 32993 0.664443 0 6948 1 -1 1 1.3e-06 0 (0.476687 0.0552598 0.218367) 2650 54.6644 0 (0 0 0) (0 0 0)
5.690000e+02	5 (0 0.499805 0.156542 0.343653) (23.5 0.379887 1.36363) 213 32970 1 32970 0.204153 0 4312 1 -1 1 1.25e-05 0 (0.549806 -0.00813488 0.0152206) 2650 59.2042 0 (0 0 0) (0 0 0)
5.690000e+02	5 (0 0.135763 0.686649 0.177587) (23.5 0.394767 1.40006) 213 32970 2 32970 0.69219 0 3424 1 -1 1 3.26e-05 0 (0.546374 -0.0166029 0.00362279) 2650 61.6922 0 (0 0 0) (0 0 0)
5.690000e+02	5 (0 0.388223 0.143215 0.468562) (23.5 0.670758 1.16855) 952 32984 2 32984 0.567656 0 2988 1 -1 1 5.3e-05 0 (0.508124 0.0797896 0.127767) 2650 62.5677 0 (0 0 0) (0 0 0)
5.690000e+02	5 (0 0.0331656 0.176932 0.789902) (23.5 0.26142 1.39487) 114 32966 1 32966 0.49687 0 3785 1 -1 1 2.12e-05 0 (0.562784 0.00232959 0.0233673) 2650 60.4969 0 (0 0 0) (0 0 0)
5.690000e+02	5 (0 0.319238 0.172139 0.508623) (23.5 0.0517596 1.52891) 7 33098 2 33098 0.315391 0 4518 1 -1 1 8.9e-06 0 (0.562376 0.00352593 0.00416122) 2650 58.3154 0 (0 0 0) (0 0 0)
5.690000e+02	5 (0 0.437545 0.0231685 0.539287) (23.5 0.0957491 1.23432) 116 32944 1 32944 0.468257 0 2625 1 -1 1 5.3e-05 0 (0.546702 0.029643 0.131454) 2650 62.4683 0 (0 0 0) (0 0 0)
5.690000e+02	5 (0 0.228986 0.172902 0.598112) (23.5 0.0537722 1.52886) 7 33098 2 33098 0.969378 0 5012 1 -1 1 6.4e-06 0 (0.563009 0.00378492 0.00421437) 2650 57.9694 0 (0 0 0) (0 0 0)
5.700000e+02	5 (0 0.268668 0.595952 0.13538) (23.5 0.716084 1.27698) 676 32998 1 32998 0.764496 0 1591 1 -1 1 0.00011 0 (0.492716 0.0535477 0.0600128) 2650 65.7645 0 (0 0 0) (0 0 0)
5.700000e+02	5 (0 0.0497523 0.317449 0.632799) (23.5 0.900247 1.53679) 673 33077 1 33077 0.391015 0 3251 1 -1 1 3.26e-05 0 (0.509758 -0.0999502 0.00651189) 2650 62.391 0 (0 0 0) (0 0 0)
5.700000e+02	5 (0 0.0612987 0.883612 0.0550893) (23.5 0.732284 1.53608) 358 33068 1 33068 0.211753 0 3271 1 -1 1 3.26e-05 0 (0.475974 -0.180696 0.00135781) 2650 62.2118 0 (0 0 0) (0 0 0)
5.700000e+02	5 (0 0.191719 0.070882 0.737399) (23.5 0.0128779 1.48879) 0 33096 1 33096 0.00858694 0 3559 1 -1 1 2.12e-05 0 (0.492307 0.00394663 0.0199395) 2650 61.0086 0 (0 0 0) (0 0 0)
5.700000e+02	5 (0 0.277011 0.389964 0.333025) (23.5 0.689424 1.45761) 451 33004 2 33004 0.839724 0 1078 1 -1 1 0.00015 0 (0.476992 -0.121672 0.00374647) 2650 66.8397 0 (0 0 0) (0 0 0)
5.700000e+02	5 (0 0.738435 0.0471547 0.214411) (23.5 0.639034 1.47904) 279 33067 2 33067 0.253935 0 1661 1 -1 1 0.00011 0 (0.475763 -0.136498 -0.00512187) 2650 65.2539 0 (0 0 0) (0 0 0)
5.700000e+02	5 (0 0.319277 0.641595 0.0391286) (23.5 0.733349 1.51957) 358 33068 1 33068 0.8477 0 6656 1 -1 1 1.3e-06 0 (0.475901 -0.171136 0.011945) 2650 55.8477 0 (0 0 0) (0 0 0)
5.700000e+02	5 (0 0.648156 0.284216 0.0676278) (23.5 0.804844 1.49845) 450 33069 1 33069 0.242662 0 6756 1 -1 1 1.3e-06 0 (0.485913 -0.144982 0.047444) 2650 55.2427 0 (0 0 0) (0 0 0)
5.700000e+02	5 (0 0.721424 0.126906 0.15167) (23.5 0.798213 1.49376) 450 33069 1 33069 0.581622 0 6575 1 -1 1 1.3e-06 0 (0.484417 -0.144421 0.0528074) 2650 55.5816 0 (0 0 0) (0 0 0)
5.700000e+02	5 (0 0.829602 0.131866 0.0385317) (23.5 0.80641 1.48682) 450 33069 1 33069 0.5675 0 6716 1 -1 1 1.3e-06 0 (0.485436 -0.138913 0.0607264) 2650 55.5675 0 (0 0 0) (0 0 0)
5.700000e+02	5 (0 0.412659 0.392401 0.194941) (23.5 0.834995 1.44834) 674 33010 2 33010 0.856453 0 6735 1 -1 1 1.3e-06 0 (0.488166 -0.090848 0.102489) 2650 55.8565 0 (0 0 0) (0 0 0)
5.700000e+02	5 (0 0.167994 0.426653 0.405353) (23.5 0.864998 1.36756) 804 33008 1 33008 0.919278 0 6576 1 -1 1 1.3e-06 0 (0.481041 -0.0116697 0.172836) 2650 55.9193 0 (0 0 0) (0 0 0)
5.700000e+02	5 (0 0.275687 0.0462057 0.678108) (23.5 0.879617 1.24754) 1273 32993 2 32993 0.787982 0 5715 1 -1 1 4.3e-06 0 (0.470918 0.0784255 0.178313) 2650 57.788 0 (0 0 0) (0 0 0)
5.700000e+02	5 (0 0.143007 0.383043 0.47395) (23.5 0.867013 1.2296) 1106 32992 1 32992 0.714907 0 5754 1 -1 1 4.3e-06 0 (0.465521 0.0926262 0.164221) 2650 57.7149 0 (0 0 0) (0 0 0)
5.700000e+02	5 (0 0.111782 0.175364 0.712854) (23.5 0.490992 1.31875) 361 32969 1 32969 0.168186 0 5892 1 -1 1 4.3e-06 0 (0.537774 -0.000168348 0.0136382) 2650 57.1682 0 (0 0 0) (0 0 0)
5.700000e+02	5 (0 0.0645367 0.404728 0.530735) (23.5 0.690895 1.1908) 952 32984 2 32984 0.142964 0 4423 1 -1 1 1.25e-05 0 (0.499609 0.0825914 0.117659) 2650 60.143 0 (0 0 0) (0 0 0)
5.700000e+02	5 (0 0.330722 0.261942 0.407335) (23.5 0.89319 1.24359) 1273 32993 2 32993 0.644974 0 6909 1 -1 1 1.3e-06 0 (0.469411 0.0750039 0.199074) 2650 55.645 0 (0 0 0) (0 0 0)
5.700000e+02	5 (0 0.538367 0.0599948 0.401638) (23.5 0.880441 1.22876) 1273 32993 2 32993 0.674985 0 6470 1 -1 1.00001 3.3e-06 0 (0.465121 0.0885222 0.1736) 2650 56.675 0 (0 0 0) (0 0 0)
5.700000e+02	5 (0 0.128238 0.303866 0.567895) (23.5 0.489666 1.30825) 361 32969 1 32969 0.733438 0 6373 1 -1 1.00001 3.3e-06 0 (0.538606 0.00278686 0.0186113) 2650 56.7334 0 (0 0 0) (0 0 0)
5.700000e+02	5 (0 0.106236 0.352086 0.541679) (23.5 0.491439 1.30635) 361 32969 1 32969 0.696938 0 6393 1 -1 1.00001 3.3e-06 0 (0.538504 0.00346239 0.0193087) 2650 56.6969 0 (0 0 0) (0 0 0)
5.700000e+02	5 (0 0.168497 0.354196 0.477306) (23.5 0.486423 1.30169) 361 32969 1 32969 0.269769 0 5910 1 -1 1 4.3e-06 0 (0.53943 0.00446444 0.0219489) 2650 57.2698 0 (0 0 0) (0 0 0)
5.700000e+02	5 (0 0.169575 0.459405 0.371021) (23.5 0.537015 1.25492) 561 32982 2 32982 0.665592 0 6752 1 -1 1 1.3e-06 0 (0.53325 0.0263485 0.0442515) 2650 55.6656 0 (0 0 0) (0 0 0)
5.700000e+02	5 (0 0.58749 0.180534 0.231976) (23.5 0.434056 1.36843) 281 32971 2 32971 0.594747 0 3450 1 -1 1 3.26e-05 0 (0.544155 -0.0143451 0.00526264) 2650 62.5947 0 (0 0 0) (0 0 0)
5.700000e+02	5 (0 0.0442006 0.460324 0.495475) (23.5 0.45655 1.33635) 361 32969 2 32969 0.41424 0 3470 1 -1 1 3.26e-05 0 (0.542986 -0.00465401 0.0105888) 2650 62.4142 0 (0 0 0) (0 0 0)
5.700000e+02	5 (0 0.362926 0.395902 0.241172) (23.5 0.782814 1.2127) 951 32987 1 32987 0.984667 0 2964 1 -1 1 5.3e-05 0 (0.469561 0.107063 0.127429) 2650 63.9847 0 (0 0 0) (0 0 0)
5.700000e+02	5 (0 0.548193 0.408953 0.0428538) (23.5 0.455867 1.34256) 281 32971 1 32971 0.924984 0 5931 1 -1 1 4.3e-06 0 (0.542646 -0.00654384 0.00954475) 2650 57.925 0 (0 0 0) (0 0 0)
5.700000e+02	5 (0 0.0176169 0.347247 0.635137) (23.5 0.686497 1.19401) 952 32984 2 32984 0.406282 0 5968 1 -1 1 4.3e-06 0 (0.501383 0.0805064 0.11274) 2650 57.4063 0 (0 0 0) (0 0 0)
5.700000e+02	5 (0 0.0850773 0.848359 0.0665636) (23.5 0.653124 1.19999) 677 32983 1 32983 0.542436 0 2950 1 -1 1 5.3e-05 0 (0.51334 0.0685263 0.0921526) 2650 63.5424 0 (0 0 0) (0 0 0)
5.700000e+02	5 (0 0.178187 0.234372 0.587441) (23.5 0.438432 1.39708) 281 32971 2 32971 0.781003 0 4413 1 -1 1 1.25e-05 0 (0.541432 -0.0220225 -0.00220753) 2650 60.781 0 (0 0 0) (0 0 0)
5.700000e+02	5 (0 0.315591 0.408467 0.275942) (23.5 0.474571 1.2871) 361 32969 1 32969 0.546391 0 1453 1 -1 1 0.00015 0 (0.541985 0.00801004 0.0142266) 2650 66.5464 0 (0 0 0) (0 0 0)
5.700000e+02	5 (0 0.238385 0.739794 0.0218213) (23.5 0.860501 1.19725) 1106 32992 1 32992 0.483498 0 2216 1 -1 1 7.5e-05 0 (0.455519 0.112869 0.146696) 2650 64.4835 0 (0 0 0) (0 0 0)
5.700000e+02	5 (0 0.354042 0.257259 0.388699) (23.5 0.391455 1.36678) 213 32970 1 32970 0.64102 0 3404 1 -1 1 3.26e-05 0 (0.551172 -0.0102195 0.0118848) 2650 62.641 0 (0 0 0) (0 0 0)
5.700000e+02	5 (0 0.267765 0.0257045 0.70653) (23.5 0.661774 1.17681) 952 32984 2 32984 0.372202 0 6405 1 -1 1.00001 3.3e-06 0 (0.511728 0.0758662 0.116832) 2650 56.3722 0 (0 0 0) (0 0 0)
5.700000e+02	5 (0 0.660778 0.166686 0.172536) (23.5 0.446758 1.27962) 361 32969 1 32969 0.413248 0 3425 1 -1 1 3.26e-05 0 (0.545822 0.00809921 0.0351449) 2650 62.4132 0 (0 0 0) (0 0 0)
5.700000e+02	5 (0 0.316185 0.14198 0.541834) (23.5 0.103623 1.16446) 161 32942 1 32942 0.469314 0 2047 1 -1 1 7.5e-05 0 (0.540435 0.020969 0.151405) 2650 64.4693 0 (0 0 0) (0 0 0)
5.700000e+02	5 (0 0.0699254 0.158186 0.771888) (23.5 0.0706868 1.47089) 31 32962 2 32962 0.408422 0 4514 1 -1 1 8.9e-06 0 (0.565544 0.00524035 0.0253945) 2650 59.4084 0 (0 0 0) (0 0 0)
5.700000e+02	5 (0 0.116249 0.17413 0.709621) (23.5 0.0717014 1.46778) 31 32962 2 32962 0.455894 0 3511 1 -1 1 2.12e-05 0 (0.565491 0.00536583 0.0262968) 2650 61.4559 0 (0 0 0) (0 0 0)
