# Time         currentProc " (coordinates0 coordinates1 coordinates2 coordinates3) (position0 position1 position2) celli tetFacei tetPti facei stepFraction origProc origId active typeId nParticle d dTarget (U0 U1 U2) rho age tTurb (UTurb0 UTurb1 UTurb2) (UCorrect0 UCorrect1 UCorrect2)"
5.660000e+02	1 (0 0.210803 0.200844 0.588353) (23.5 0.889224 1.32421) 409 22770 2 22770 0.0509735 5 4638 1 -1 1 7.5e-05 0 (0.42812 -0.00398811 0.0415124) 2650 60.051 0 (0 0 0) (0 0 0)
5.660000e+02	1 (0 0.0277962 0.246035 0.726169) (23.5 0.940049 1.14583) 192 22853 1 22853 0.420099 5 4569 1 -1 1 7.5e-05 0 (0.417516 0.0135267 0.0360378) 2650 60.4201 0 (0 0 0) (0 0 0)
5.660000e+02	1 (0 0.00449637 0.706587 0.288917) (23.5 0.939129 1.14688) 433 22750 1 22750 0.200429 5 4570 1 -1 1 7.5e-05 0 (0.417605 0.0136153 0.0362543) 2650 60.2004 0 (0 0 0) (0 0 0)
5.660000e+02	1 (0 0.0211645 0.72951 0.249325) (23.5 0.938066 1.14416) 433 22750 1 22750 0.0290409 5 4571 1 -1 1 7.5e-05 0 (0.417332 0.0139504 0.0360256) 2650 60.029 0 (0 0 0) (0 0 0)
5.660000e+02	1 (0 0.409068 0.300893 0.290039) (23.5 0.913431 1.08056) 434 22748 1 22748 0.39128 5 4537 1 -1 1 7.5e-05 0 (0.404004 0.0168528 0.0293688) 2650 60.3913 0 (0 0 0) (0 0 0)
5.660000e+02	1 (0 0.536916 0.258729 0.204355) (23.5 0.905324 1.07494) 434 22748 1 22748 0.220466 5 4538 1 -1 1 7.5e-05 0 (0.40215 0.0181494 0.0293096) 2650 60.2205 0 (0 0 0) (0 0 0)
5.660000e+02	1 (0 0.59972 0.232753 0.167527) (23.5 0.901341 1.07252) 434 22748 1 22748 0.142824 5 4539 1 -1 1 7.5e-05 0 (0.401312 0.0188137 0.0293341) 2650 60.1428 0 (0 0 0) (0 0 0)
5.660000e+02	1 (0 0.0503421 0.588365 0.361292) (23.5 0.879258 1.05169) 177 22847 2 22847 0.565302 5 4510 1 -1 1 7.5e-05 0 (0.390199 0.0200724 0.0272352) 2650 60.5653 0 (0 0 0) (0 0 0)
5.660000e+02	1 (0 0.0910921 0.564863 0.344045) (23.5 0.933888 1.22026) 410 22768 1 22768 0.115012 5 4603 1 -1 1 7.5e-05 0 (0.422718 0.0086548 0.0428314) 2650 60.115 0 (0 0 0) (0 0 0)
5.660000e+02	1 (0 0.629942 0.261989 0.108069) (23.5 0.782718 1.04362) 171 22829 2 22829 0.560075 5 4479 1 -1 1 7.5e-05 0 (0.388501 0.0412388 0.0262515) 2650 60.5601 0 (0 0 0) (0 0 0)
5.660000e+02	1 (0 0.0275252 0.265854 0.706621) (23.5 0.33825 1.38923) 394 22732 1 22732 0.0389857 5 11839 1 -1 1 4.3e-06 0 (0.420283 -0.0446117 -0.000117501) 2650 53.039 0 (0 0 0) (0 0 0)
5.660000e+02	1 (0 0.585339 0.280042 0.134618) (23.5 0.285099 1.36879) 394 22732 2 22732 0.0236644 5 9375 1 -1 1 8.9e-06 0 (0.419251 -0.0366701 -0.00616177) 2650 55.0237 0 (0 0 0) (0 0 0)
5.660000e+02	1 (0 0.208455 0.319327 0.472219) (23.5 0.214512 1.39505) 395 22731 2 22731 0.0928295 5 9311 1 -1 1 8.9e-06 0 (0.42031 -0.0402404 -0.0138012) 2650 55.0928 0 (0 0 0) (0 0 0)
5.660000e+02	1 (0 0.0534004 0.911384 0.035216) (23.5 0.415266 1.34221) 393 22735 1 22735 0.184039 5 11647 1 -1 1 4.3e-06 0 (0.419196 -0.0274462 0.00823746) 2650 53.184 0 (0 0 0) (0 0 0)
5.660000e+02	1 (0 0.0497314 0.22161 0.728658) (23.5 0.495993 1.32004) 403 22730 1 22730 0.106257 5 11678 1 -1 1 4.3e-06 0 (0.419416 -0.0167127 0.0164977) 2650 53.1063 0 (0 0 0) (0 0 0)
5.660000e+02	1 (0 0.128965 0.191805 0.67923) (23.5 0.888636 1.33011) 409 22770 2 22770 0.428761 5 4637 1 -1 1 7.5e-05 0 (0.428539 -0.0050216 0.0411824) 2650 60.4288 0 (0 0 0) (0 0 0)
5.660000e+02	1 (0 0.44668 0.537469 0.0158505) (23.5 0.845043 1.37813) 387 22771 2 22771 0.401383 5 4671 1 -1 1 7.5e-05 0 (0.428685 -0.0144771 0.0342089) 2650 60.4014 0 (0 0 0) (0 0 0)
5.660000e+02	1 (0 0.0524475 0.409633 0.53792) (23.5 0.879429 1.04742) 177 22847 2 22847 0.939226 5 4509 1 -1 1 7.5e-05 0 (0.387125 0.0189246 0.0260544) 2650 60.9392 0 (0 0 0) (0 0 0)
5.660000e+02	1 (0 0.162172 0.745011 0.0928176) (23.5 0.724252 1.27397) 406 22757 1 22757 0.234721 5 9787 1 -1 1 8.9e-06 0 (0.421175 0.00380517 0.0387408) 2650 55.2347 0 (0 0 0) (0 0 0)
5.660000e+02	1 (0 0.242188 0.584907 0.172906) (23.5 0.626995 1.24972) 414 22752 2 22752 0.123349 5 9624 1 -1 1 8.9e-06 0 (0.418061 0.0106072 0.0304799) 2650 55.1233 0 (0 0 0) (0 0 0)
5.660000e+02	1 (0 0.395939 0.366294 0.237767) (23.5 0.688034 1.23864) 413 22755 2 22755 0.359398 5 9655 1 -1 1 8.9e-06 0 (0.418497 0.0139188 0.0359895) 2650 55.3594 0 (0 0 0) (0 0 0)
5.660000e+02	1 (0 0.241037 0.454848 0.304115) (23.5 0.694849 1.24983) 413 22755 2 22755 0.106216 5 9687 1 -1 1 8.9e-06 0 (0.419215 0.0106141 0.0365351) 2650 55.1062 0 (0 0 0) (0 0 0)
5.660000e+02	1 (0 0.339423 0.274197 0.38638) (23.5 0.710585 1.29526) 406 22757 1 22757 0.226474 5 9821 1 -1 1 8.9e-06 0 (0.422231 -0.00189364 0.0362044) 2650 55.2265 0 (0 0 0) (0 0 0)
5.660000e+02	1 (0 0.718713 0.139803 0.141484) (23.5 0.511238 1.35942) 391 22759 2 22759 0.0360172 5 10047 1 -1 1 8.9e-06 0 (0.421476 -0.0302504 0.0154358) 2650 55.036 0 (0 0 0) (0 0 0)
5.660000e+02	1 (0 0.665273 0.0562072 0.27852) (23.5 0.504518 1.36316) 391 22759 2 22759 0.296823 5 10079 1 -1 1 8.9e-06 0 (0.421502 -0.0319734 0.0147114) 2650 55.2968 0 (0 0 0) (0 0 0)
5.660000e+02	1 (0 0.113096 0.0389694 0.847935) (23.5 0.583655 1.25902) 414 22752 2 22752 0.251163 5 9627 1 -1 1 8.9e-06 0 (0.417838 0.00703639 0.0265423) 2650 55.2512 0 (0 0 0) (0 0 0)
5.660000e+02	1 (0 0.209169 0.623166 0.167665) (23.5 0.483161 1.35147) 392 22736 1 22736 0.0794004 5 11806 1 -1 1 4.3e-06 0 (0.420604 -0.0285918 0.0137245) 2650 53.0794 0 (0 0 0) (0 0 0)
5.660000e+02	1 (0 0.0321362 0.432612 0.535252) (23.5 0.577943 1.30602) 404 22753 1 22753 0.306897 5 11741 1 -1 1 4.3e-06 0 (0.42004 -0.00902687 0.0241775) 2650 53.3069 0 (0 0 0) (0 0 0)
5.660000e+02	1 (0 0.0598461 0.453601 0.486553) (23.5 0.414807 1.37381) 393 22735 1 22735 0.232241 5 11871 1 -1 1 4.3e-06 0 (0.420545 -0.0387578 0.00680293) 2650 53.2322 0 (0 0 0) (0 0 0)
5.660000e+02	1 (0 0.237744 0.24008 0.522176) (23.5 0.561378 1.30507) 404 22753 1 22753 0.263258 5 11709 1 -1 1 4.3e-06 0 (0.419796 -0.00902147 0.0227714) 2650 53.2633 0 (0 0 0) (0 0 0)
5.660000e+02	1 (0 0.27276 0.337025 0.390215) (23.5 0.897824 1.31973) 409 22770 2 22770 0.724071 5 4636 1 -1 1 7.5e-05 0 (0.427376 -0.00296413 0.0418116) 2650 60.7241 0 (0 0 0) (0 0 0)
5.660000e+02	1 (0 0.0881179 0.430689 0.481193) (23.5 0.93409 1.23009) 410 22768 1 22768 0.800126 5 4602 1 -1 1 7.5e-05 0 (0.423163 0.00768124 0.0431548) 2650 60.8001 0 (0 0 0) (0 0 0)
5.660000e+02	1 (0 0.0718681 0.805016 0.123116) (23.5 0.803335 1.41776) 383 22766 1 22766 0.995656 5 4703 1 -1 1 7.5e-05 0 (0.430591 -0.0263793 0.0269614) 2650 60.9957 0 (0 0 0) (0 0 0)
5.660000e+02	1 (0 0.262161 0.0323094 0.705529) (23.5 0.71656 1.24598) 413 22755 1 22755 0.416976 5 9719 1 -1 1 8.9e-06 0 (0.419485 0.0118033 0.0385912) 2650 55.417 0 (0 0 0) (0 0 0)
5.660000e+02	1 (0 0.154701 0.0442268 0.801072) (23.5 0.724818 1.25288) 413 22755 1 22755 0.39769 5 9753 1 -1 1 8.9e-06 0 (0.420013 0.00975493 0.0393056) 2650 55.3977 0 (0 0 0) (0 0 0)
5.660000e+02	1 (0 0.021305 0.0773223 0.901373) (23.5 0.735067 1.26013) 413 22755 1 22755 0.490534 5 9786 1 -1 1 8.9e-06 0 (0.420595 0.00755555 0.0402015) 2650 55.4905 0 (0 0 0) (0 0 0)
5.660000e+02	1 (0 0.841073 0.0576537 0.101274) (23.5 0.740864 1.27877) 407 22758 2 22758 0.761419 5 9820 1 -1 1 8.9e-06 0 (0.421891 0.0028176 0.0399401) 2650 55.7614 0 (0 0 0) (0 0 0)
5.660000e+02	1 (0 0.386387 0.0768359 0.536777) (23.5 0.706948 1.30616) 406 22757 1 22757 0.449021 5 9886 1 -1 1 8.9e-06 0 (0.422846 -0.00479354 0.0352191) 2650 55.449 0 (0 0 0) (0 0 0)
5.660000e+02	1 (0 0.273074 0.334428 0.392499) (23.5 0.607105 1.24748) 414 22752 2 22752 0.443627 5 9625 1 -1 1 8.9e-06 0 (0.417667 0.0111179 0.0287623) 2650 55.4436 0 (0 0 0) (0 0 0)
5.660000e+02	1 (0 0.308484 0.313564 0.377952) (23.5 0.605447 1.24492) 414 22752 2 22752 0.607348 5 9626 1 -1 1 8.9e-06 0 (0.417528 0.0119436 0.0286516) 2650 55.6073 0 (0 0 0) (0 0 0)
5.660000e+02	1 (0 0.200743 0.0887928 0.710465) (23.5 0.587606 1.25269) 414 22752 2 22752 0.62391 5 9597 1 -1 1 8.9e-06 0 (0.417613 0.00917151 0.0269765) 2650 55.6239 0 (0 0 0) (0 0 0)
5.660000e+02	1 (0 0.241859 0.301214 0.456928) (23.5 0.48053 1.37172) 392 22736 1 22736 0.635924 5 10111 1 -1 1 8.9e-06 0 (0.421525 -0.0359464 0.0120573) 2650 55.6359 0 (0 0 0) (0 0 0)
5.660000e+02	1 (0 0.133754 0.142045 0.724201) (23.5 0.569743 1.31973) 404 22753 1 22753 0.369988 5 11805 1 -1 1 4.3e-06 0 (0.420617 -0.0138729 0.0228221) 2650 53.37 0 (0 0 0) (0 0 0)
5.660000e+02	1 (0 0.137605 0.715249 0.147146) (23.5 0.557578 1.32975) 404 22753 2 22753 0.494154 5 11838 1 -1 1 4.3e-06 0 (0.420895 -0.017795 0.0213284) 2650 53.4942 0 (0 0 0) (0 0 0)
5.660000e+02	1 (0 0.166329 0.573658 0.260013) (23.5 0.48661 1.35794) 392 22736 1 22736 0.511959 5 11903 1 -1 1 4.3e-06 0 (0.42096 -0.0307972 0.0135966) 2650 53.512 0 (0 0 0) (0 0 0)
5.660000e+02	1 (0 0.0162384 0.613565 0.370196) (23.5 0.579234 1.29404) 404 22753 1 22753 0.527091 5 11708 1 -1 1 4.3e-06 0 (0.419465 -0.00490671 0.0248475) 2650 53.5271 0 (0 0 0) (0 0 0)
5.660000e+02	1 (0 0.261436 0.00419391 0.73437) (23.5 0.264127 1.39145) 394 22732 2 22732 0.69912 5 11551 1 -1 1 4.3e-06 0 (0.419959 -0.0428471 -0.00735453) 2650 53.6991 0 (0 0 0) (0 0 0)
5.660000e+02	1 (0 0.625735 0.0366524 0.337612) (23.5 0.688611 1.21941) 413 22755 1 22755 0.875928 5 9623 1 -1 1 8.9e-06 0 (0.417519 0.0195714 0.0361968) 2650 55.8759 0 (0 0 0) (0 0 0)
5.660000e+02	1 (0 0.501315 0.162464 0.336221) (23.5 0.620115 1.29159) 405 22754 1 22754 0.674575 5 11772 1 -1 1 4.3e-06 0 (0.420135 -0.00272261 0.0284464) 2650 53.6746 0 (0 0 0) (0 0 0)
5.660000e+02	1 (0 0.441985 0.515967 0.0420479) (23.5 0.544916 1.34268) 391 22759 1 22759 0.884308 5 11935 1 -1 1 4.3e-06 0 (0.421249 -0.0229764 0.0195824) 2650 53.8843 0 (0 0 0) (0 0 0)
5.660000e+02	1 (0 0.411141 0.5768 0.0120587) (23.5 0.465904 1.3099) 403 22730 2 22730 0.831986 5 9438 1 -1 1 8.9e-06 0 (0.418706 -0.0137789 0.013961) 2650 55.832 0 (0 0 0) (0 0 0)
5.660000e+02	1 (0 0.74624 0.176161 0.0775989) (23.5 0.51418 1.28558) 404 22753 2 22753 0.971633 5 9502 1 -1 1 8.9e-06 0 (0.418239 -0.00340726 0.0195101) 2650 55.9716 0 (0 0 0) (0 0 0)
5.660000e+02	1 (0 0.281371 0.386119 0.332509) (23.5 0.557876 1.2913) 404 22753 1 22753 0.698974 5 11677 1 -1 1 4.3e-06 0 (0.419077 -0.00438302 0.0231046) 2650 53.699 0 (0 0 0) (0 0 0)
5.660000e+02	1 (0 0.617284 0.180173 0.202543) (23.5 0.610926 1.28189) 405 22754 1 22754 0.765205 5 11739 1 -1 1 4.3e-06 0 (0.419446 0.000145339 0.0281329) 2650 53.7652 0 (0 0 0) (0 0 0)
5.660000e+02	1 (0 0.660404 0.0170097 0.322587) (23.5 0.607485 1.2906) 405 22754 1 22754 0.594318 5 11740 1 -1 1 4.3e-06 0 (0.419892 -0.00256286 0.0273866) 2650 53.5943 0 (0 0 0) (0 0 0)
5.660000e+02	1 (0 0.529091 0.22432 0.246589) (23.5 0.377556 1.35702) 393 22735 1 22735 0.812565 5 11583 1 -1 1 4.3e-06 0 (0.419453 -0.0333482 0.00374521) 2650 53.8126 0 (0 0 0) (0 0 0)
5.660000e+02	1 (0 0.653888 0.303126 0.0429852) (23.5 0.216562 1.41248) 376 22733 1 22733 0.932269 5 11487 1 -1 1 4.3e-06 0 (0.420899 -0.0448908 -0.0123727) 2650 53.9323 0 (0 0 0) (0 0 0)
5.660000e+02	1 (0 0.103693 0.0781435 0.818163) (23.5 0.256321 1.39701) 395 22731 1 22731 0.83044 5 11519 1 -1 1 4.3e-06 0 (0.420205 -0.0442294 -0.0084232) 2650 53.8304 0 (0 0 0) (0 0 0)
5.660000e+02	1 (0 0.00533236 0.654984 0.339683) (23.5 0.736236 1.29188) 406 22757 1 22757 0.874077 5 9853 1 -1 1 8.9e-06 0 (0.42258 -0.000849825 0.0387997) 2650 55.8741 0 (0 0 0) (0 0 0)
5.660000e+02	1 (0 0.801596 0.194866 0.0035377) (23.5 0.751109 1.26751) 407 22758 1 22758 0.963524 5 9819 1 -1 1 8.9e-06 0 (0.421445 0.00564774 0.0414822) 2650 55.9635 0 (0 0 0) (0 0 0)
5.660000e+02	1 (0 0.177179 0.271427 0.551394) (23.5 0.723002 1.30723) 406 22757 1 22757 0.96805 5 9918 1 -1 1 8.9e-06 0 (0.423267 -0.00497944 0.0366551) 2650 55.968 0 (0 0 0) (0 0 0)
5.660000e+02	1 (0 0.433142 0.0725764 0.494282) (23.5 0.741906 1.236) 412 22756 2 22756 0.939629 5 9752 1 -1 1 8.9e-06 0 (0.419422 0.013798 0.0409585) 2650 55.9396 0 (0 0 0) (0 0 0)
5.660000e+02	1 (0 0.284567 0.36869 0.346743) (23.5 0.637324 1.29236) 405 22754 1 22754 0.914286 5 11804 1 -1 1 4.3e-06 0 (0.420433 -0.00276114 0.0299201) 2650 53.9143 0 (0 0 0) (0 0 0)
5.660000e+02	1 (0 0.348495 0.551059 0.100447) (23.5 0.463836 1.31445) 403 22730 2 22730 0.956614 5 9342 1 -1 1 8.9e-06 0 (0.418843 -0.0155503 0.0136142) 2650 55.9566 0 (0 0 0) (0 0 0)
5.660000e+02	1 (0 0.451028 0.465778 0.0831946) (23.5 0.624144 1.27323) 405 22754 1 22754 0.978064 5 11738 1 -1 1 4.3e-06 0 (0.419147 0.00294911 0.0297359) 2650 53.9781 0 (0 0 0) (0 0 0)
5.670000e+02	1 (0 0.144977 0.0615255 0.793497) (23.5 0.942728 1.14115) 192 22853 1 22853 0.0221325 5 4568 1 -1 1 7.5e-05 0 (0.416051 0.0138019 0.0358885) 2650 61.0221 0 (0 0 0) (0 0 0)
5.670000e+02	1 (0 0.00993491 0.723329 0.266736) (23.5 0.938994 1.21472) 410 22768 1 22768 0.156429 5 4601 1 -1 1 7.5e-05 0 (0.421878 0.00901104 0.0433001) 2650 61.1564 0 (0 0 0) (0 0 0)
5.670000e+02	1 (0 0.177051 0.386263 0.436686) (23.5 0.834695 1.39704) 387 22771 2 22771 0.064011 5 4670 1 -1 1 7.5e-05 0 (0.429138 -0.0196332 0.0320428) 2650 61.064 0 (0 0 0) (0 0 0)
5.670000e+02	1 (0 0.425407 0.205714 0.368879) (23.5 0.912865 1.29389) 409 22770 1 22770 0.165453 5 4635 1 -1 1 7.5e-05 0 (0.425 0.00139358 0.043984) 2650 61.1655 0 (0 0 0) (0 0 0)
5.670000e+02	1 (0 0.102653 0.325291 0.572057) (23.5 0.932857 1.09904) 434 22748 1 22748 0.242451 5 4536 1 -1 1 7.5e-05 0 (0.408503 0.0147432 0.0307964) 2650 61.2425 0 (0 0 0) (0 0 0)
5.670000e+02	1 (0 0.25616 0.0704665 0.673373) (23.5 0.896882 1.05542) 177 22847 1 22847 0.259272 5 4505 1 -1 1 7.5e-05 0 (0.3943 0.0182498 0.0271267) 2650 61.2593 0 (0 0 0) (0 0 0)
5.670000e+02	1 (0 0.124723 0.32935 0.545928) (23.5 0.884075 1.0455) 177 22847 2 22847 0.393996 5 4506 1 -1 1 7.5e-05 0 (0.385556 0.0185124 0.0253753) 2650 61.394 0 (0 0 0) (0 0 0)
5.670000e+02	1 (0 0.0461794 0.18614 0.767681) (23.5 0.879073 1.04207) 177 22847 2 22847 0.442872 5 4507 1 -1 1 7.5e-05 0 (0.382359 0.0187323 0.0247646) 2650 61.4429 0 (0 0 0) (0 0 0)
5.670000e+02	1 (0 0.0399308 0.287011 0.673058) (23.5 0.878652 1.04449) 177 22847 2 22847 0.186182 5 4508 1 -1 1 7.5e-05 0 (0.384079 0.0194395 0.0254651) 2650 61.1862 0 (0 0 0) (0 0 0)
5.670000e+02	1 (0 0.456884 0.3221 0.221017) (23.5 0.794306 1.02796) 172 22828 1 22828 0.645142 5 4478 1 -1 1 7.5e-05 0 (0.368545 0.0362546 0.022338) 2650 61.6451 0 (0 0 0) (0 0 0)
5.670000e+02	1 (0 0.259139 0.608899 0.131962) (23.5 0.468498 1.32093) 403 22730 2 22730 0.0447521 5 11615 1 -1 1 4.3e-06 0 (0.419651 -0.0171109 0.0140952) 2650 54.0448 0 (0 0 0) (0 0 0)
5.670000e+02	1 (0 0.0867921 0.84086 0.0723478) (23.5 0.252347 1.40365) 395 22731 2 22731 0.162404 5 11455 1 -1 1 4.3e-06 0 (0.420314 -0.0459475 -0.00850736) 2650 54.1624 0 (0 0 0) (0 0 0)
5.670000e+02	1 (0 0.130604 0.257846 0.61155) (23.5 0.726564 1.31159) 406 22757 1 22757 0.306209 5 9950 1 -1 1 8.9e-06 0 (0.42362 -0.00563258 0.0367121) 2650 56.3062 0 (0 0 0) (0 0 0)
5.670000e+02	1 (0 0.383938 0.183973 0.432089) (23.5 0.749995 1.23955) 412 22756 2 22756 0.0419188 5 9785 1 -1 1 8.9e-06 0 (0.420162 0.0134105 0.0415475) 2650 56.0419 0 (0 0 0) (0 0 0)
5.670000e+02	1 (0 0.2183 0.337841 0.443859) (23.5 0.761185 1.25151) 412 22756 2 22756 0.265678 5 9818 1 -1 1 8.9e-06 0 (0.421038 0.0103233 0.0424415) 2650 56.2657 0 (0 0 0) (0 0 0)
5.670000e+02	1 (0 0.0716783 0.705101 0.223221) (23.5 0.654188 1.21113) 414 22752 1 22752 0.303132 5 9592 1 -1 1 8.9e-06 0 (0.417316 0.0226031 0.0330018) 2650 56.3031 0 (0 0 0) (0 0 0)
5.670000e+02	1 (0 0.48272 0.434935 0.082345) (23.5 0.615074 1.23235) 414 22752 2 22752 0.0764105 5 9596 1 -1 1 8.9e-06 0 (0.41802 0.0167523 0.029618) 2650 56.0764 0 (0 0 0) (0 0 0)
5.670000e+02	1 (0 0.311057 0.0776777 0.611265) (23.5 0.425822 1.38797) 392 22736 2 22736 0.0533778 5 10143 1 -1 1 8.9e-06 0 (0.421227 -0.0432062 0.00731084) 2650 56.0534 0 (0 0 0) (0 0 0)
5.670000e+02	1 (0 0.0512135 0.512034 0.436753) (23.5 0.541253 1.26348) 415 22751 2 22751 0.169969 5 9566 1 -1 1 8.9e-06 0 (0.418481 0.00551395 0.0228647) 2650 56.17 0 (0 0 0) (0 0 0)
5.670000e+02	1 (0 0.250242 0.293893 0.455865) (23.5 0.640034 1.30028) 405 22754 1 22754 0.113937 5 11837 1 -1 1 4.3e-06 0 (0.4213 -0.00456152 0.0297201) 2650 54.1139 0 (0 0 0) (0 0 0)
5.670000e+02	1 (0 0.345034 0.419976 0.23499) (23.5 0.613838 1.31472) 405 22754 2 22754 0.00285074 5 11870 1 -1 1 4.3e-06 0 (0.421551 -0.00987468 0.0268046) 2650 54.0029 0 (0 0 0) (0 0 0)
5.670000e+02	1 (0 0.0523179 0.0050998 0.942582) (23.5 0.57629 1.33557) 404 22753 1 22753 0.187007 5 11967 1 -1 1 4.3e-06 0 (0.421689 -0.0185142 0.0227375) 2650 54.187 0 (0 0 0) (0 0 0)
5.670000e+02	1 (0 0.669552 0.0249988 0.305449) (23.5 0.502012 1.29115) 404 22753 2 22753 0.0202369 5 9470 1 -1 1 8.9e-06 0 (0.419022 -0.00524211 0.0184027) 2650 56.0202 0 (0 0 0) (0 0 0)
5.670000e+02	1 (0 0.0853671 0.837284 0.0773493) (23.5 0.653179 1.27282) 405 22754 1 22754 0.153298 5 11771 1 -1 1 4.3e-06 0 (0.420113 0.00401392 0.0322244) 2650 54.1533 0 (0 0 0) (0 0 0)
5.670000e+02	1 (0 0.248064 0.275487 0.476449) (23.5 0.480014 1.30174) 403 22730 1 22730 0.139217 5 9406 1 -1 1 8.9e-06 0 (0.41917 -0.00971029 0.0158797) 2650 56.1392 0 (0 0 0) (0 0 0)
5.670000e+02	1 (0 0.908029 0.0216107 0.0703604) (23.5 0.58786 1.27229) 405 22754 1 22754 0.162611 5 11676 1 -1 1 4.3e-06 0 (0.419331 0.00347039 0.0265864) 2650 54.1626 0 (0 0 0) (0 0 0)
5.670000e+02	1 (0 0.697403 0.295611 0.00698642) (23.5 0.604593 1.2677) 405 22754 1 22754 0.1573 5 11707 1 -1 1 4.3e-06 0 (0.419301 0.00506172 0.0282656) 2650 54.1573 0 (0 0 0) (0 0 0)
5.670000e+02	1 (0 0.0868243 0.74418 0.168996) (23.5 0.639651 1.26094) 414 22752 2 22752 0.286909 5 11737 1 -1 1 4.3e-06 0 (0.419435 0.00764724 0.0314154) 2650 54.2869 0 (0 0 0) (0 0 0)
5.670000e+02	1 (0 0.677281 0.0226182 0.300101) (23.5 0.28854 1.42967) 377 22734 1 22734 0.613704 5 10175 1 -1 1 8.9e-06 0 (0.421045 -0.0545954 -0.00463469) 2650 56.6137 0 (0 0 0) (0 0 0)
5.670000e+02	1 (0 0.414219 0.101622 0.484159) (23.5 0.778619 1.44181) 383 22766 1 22766 0.517702 5 4735 1 -1 1 7.5e-05 0 (0.428779 -0.0317197 0.0205338) 2650 61.5177 0 (0 0 0) (0 0 0)
5.670000e+02	1 (0 0.104404 0.874693 0.0209031) (23.5 0.942481 1.20306) 197 22783 2 22783 0.626243 5 4600 1 -1 1 7.5e-05 0 (0.420892 0.00983797 0.0426765) 2650 61.6262 0 (0 0 0) (0 0 0)
5.670000e+02	1 (0 0.157917 0.364348 0.477735) (23.5 0.865641 1.37278) 387 22771 1 22771 0.724279 5 4668 1 -1 1 7.5e-05 0 (0.428649 -0.0126409 0.0365461) 2650 61.7243 0 (0 0 0) (0 0 0)
5.670000e+02	1 (0 0.201686 0.539907 0.258407) (23.5 0.845086 1.39526) 387 22771 2 22771 0.598294 5 4669 1 -1 1 7.5e-05 0 (0.428816 -0.0181876 0.0327617) 2650 61.5983 0 (0 0 0) (0 0 0)
5.670000e+02	1 (0 0.257259 0.683685 0.0590561) (23.5 0.923495 1.27155) 409 22770 1 22770 0.802855 5 4634 1 -1 1 7.5e-05 0 (0.424384 0.00377759 0.0449485) 2650 61.8029 0 (0 0 0) (0 0 0)
5.670000e+02	1 (0 0.0543052 0.297779 0.647916) (23.5 0.895302 1.33548) 409 22770 2 22770 0.945945 5 4667 1 -1 1 7.5e-05 0 (0.427969 -0.00555155 0.0416706) 2650 61.9459 0 (0 0 0) (0 0 0)
5.670000e+02	1 (0 0.00464562 0.653914 0.341441) (23.5 0.808252 1.43225) 383 22766 1 22766 0.899938 5 4702 1 -1 1 7.5e-05 0 (0.429558 -0.027739 0.0246575) 2650 61.8999 0 (0 0 0) (0 0 0)
5.670000e+02	1 (0 0.281377 0.381028 0.337595) (23.5 0.763717 1.4574) 383 22766 2 22766 0.972577 5 4767 1 -1 1 7.5e-05 0 (0.428707 -0.0366529 0.0168804) 2650 61.9726 0 (0 0 0) (0 0 0)
5.670000e+02	1 (0 0.641202 0.25473 0.104068) (23.5 0.762718 1.2748) 407 22758 1 22758 0.469709 5 9852 1 -1 1 8.9e-06 0 (0.422361 0.00456881 0.0419926) 2650 56.4697 0 (0 0 0) (0 0 0)
5.670000e+02	1 (0 0.671325 0.206056 0.122619) (23.5 0.751588 1.29106) 407 22758 2 22758 0.387536 5 9885 1 -1 1 8.9e-06 0 (0.423075 0.000562255 0.0400421) 2650 56.3875 0 (0 0 0) (0 0 0)
5.670000e+02	1 (0 0.586462 0.214329 0.199209) (23.5 0.752161 1.22494) 412 22756 2 22756 0.362228 5 9751 1 -1 1 8.9e-06 0 (0.419461 0.0172167 0.0418273) 2650 56.3622 0 (0 0 0) (0 0 0)
5.670000e+02	1 (0 0.579934 0.0046776 0.415388) (23.5 0.767085 1.22508) 412 22756 1 22756 0.730811 5 9784 1 -1 1 8.9e-06 0 (0.419813 0.0171953 0.0431186) 2650 56.7308 0 (0 0 0) (0 0 0)
5.670000e+02	1 (0 0.44894 0.525354 0.0257053) (23.5 0.774746 1.23488) 412 22756 2 22756 0.878998 5 9817 1 -1 1 8.9e-06 0 (0.420498 0.0146797 0.0437211) 2650 56.879 0 (0 0 0) (0 0 0)
5.670000e+02	1 (0 0.0354818 0.485201 0.479318) (23.5 0.771906 1.26471) 412 22756 2 22756 0.700815 5 9851 1 -1 1 8.9e-06 0 (0.421966 0.00691252 0.0432871) 2650 56.7008 0 (0 0 0) (0 0 0)
5.670000e+02	1 (0 0.14977 0.179207 0.671023) (23.5 0.72508 1.31591) 406 22757 1 22757 0.529574 5 9982 1 -1 1 8.9e-06 0 (0.423839 -0.00678342 0.0363242) 2650 56.5296 0 (0 0 0) (0 0 0)
5.670000e+02	1 (0 0.242464 0.0404898 0.717046) (23.5 0.717956 1.31924) 406 22757 1 22757 0.587628 5 10014 1 -1 1 8.9e-06 0 (0.423902 -0.00770254 0.0354646) 2650 56.5876 0 (0 0 0) (0 0 0)
5.670000e+02	1 (0 0.235755 0.646194 0.118052) (23.5 0.709409 1.32266) 406 22757 2 22757 0.668848 5 10046 1 -1 1 8.9e-06 0 (0.423877 -0.00901148 0.0345355) 2650 56.6688 0 (0 0 0) (0 0 0)
5.670000e+02	1 (0 0.187657 0.53161 0.280733) (23.5 0.700616 1.32615) 406 22757 2 22757 0.804699 5 10078 1 -1 1 8.9e-06 0 (0.423824 -0.0104751 0.0336056) 2650 56.8047 0 (0 0 0) (0 0 0)
5.670000e+02	1 (0 0.0750798 0.544798 0.380122) (23.5 0.543892 1.26176) 415 22751 2 22751 0.422569 5 9534 1 -1 1 8.9e-06 0 (0.418447 0.00616369 0.0231295) 2650 56.4226 0 (0 0 0) (0 0 0)
5.670000e+02	1 (0 0.0238415 0.280965 0.695194) (23.5 0.681529 1.2655) 413 22755 2 22755 0.623648 5 11803 1 -1 1 4.3e-06 0 (0.420221 0.00642574 0.0351238) 2650 54.6236 0 (0 0 0) (0 0 0)
5.670000e+02	1 (0 0.560958 0.0178357 0.421206) (23.5 0.661273 1.29907) 406 22757 2 22757 0.613335 5 11902 1 -1 1 4.3e-06 0 (0.421506 -0.00391292 0.0316213) 2650 54.6133 0 (0 0 0) (0 0 0)
5.670000e+02	1 (0 0.219118 0.491103 0.289778) (23.5 0.619549 1.25138) 414 22752 2 22752 0.561488 5 11706 1 -1 1 4.3e-06 0 (0.418824 0.0105625 0.0298022) 2650 54.5615 0 (0 0 0) (0 0 0)
5.670000e+02	1 (0 0.0733787 0.0780971 0.848524) (23.5 0.665953 1.26192) 413 22755 2 22755 0.421439 5 11770 1 -1 1 4.3e-06 0 (0.419781 0.00741627 0.0336934) 2650 54.4214 0 (0 0 0) (0 0 0)
5.670000e+02	1 (0 0.0787805 0.102898 0.818321) (23.5 0.588669 1.33403) 405 22754 2 22754 0.421872 5 11999 1 -1 1 4.3e-06 0 (0.421829 -0.0175568 0.0238449) 2650 54.4219 0 (0 0 0) (0 0 0)
5.670000e+02	1 (0 0.206147 0.677842 0.116011) (23.5 0.563951 1.2756) 404 22753 1 22753 0.431698 5 11646 1 -1 1 4.3e-06 0 (0.41917 0.00177031 0.024401) 2650 54.4317 0 (0 0 0) (0 0 0)
5.670000e+02	1 (0 0.115412 0.875479 0.00910841) (23.5 0.650693 1.19568) 414 22752 1 22752 0.867979 5 9593 1 -1 1 8.9e-06 0 (0.416588 0.0272634 0.0328372) 2650 56.868 0 (0 0 0) (0 0 0)
5.670000e+02	1 (0 0.339591 0.644396 0.0160135) (23.5 0.631713 1.24269) 414 22752 2 22752 0.774411 5 11705 1 -1 1 4.3e-06 0 (0.418622 0.0135435 0.0309749) 2650 54.7744 0 (0 0 0) (0 0 0)
5.670000e+02	1 (0 0.00352084 0.308445 0.688034) (23.5 0.659651 1.24469) 414 22752 1 22752 0.69627 5 11736 1 -1 1 4.3e-06 0 (0.418885 0.0125212 0.0332408) 2650 54.6963 0 (0 0 0) (0 0 0)
5.670000e+02	1 (0 0.235614 0.192012 0.572374) (23.5 0.674677 1.25021) 413 22755 2 22755 0.675656 5 11769 1 -1 1 4.3e-06 0 (0.4194 0.0109456 0.0346012) 2650 54.6757 0 (0 0 0) (0 0 0)
5.670000e+02	1 (0 0.410455 0.431774 0.157771) (23.5 0.547441 1.35078) 391 22759 1 22759 0.754686 5 12095 1 -1 1 4.3e-06 0 (0.421846 -0.025031 0.0192471) 2650 54.7547 0 (0 0 0) (0 0 0)
5.670000e+02	1 (0 0.0823506 0.179428 0.738221) (23.5 0.59474 1.33377) 405 22754 2 22754 0.62622 5 12031 1 -1 1 4.3e-06 0 (0.421938 -0.0172091 0.0243591) 2650 54.6262 0 (0 0 0) (0 0 0)
5.670000e+02	1 (0 0.0298876 0.958057 0.0120551) (23.5 0.578094 1.34058) 391 22759 1 22759 0.71976 5 12063 1 -1 1 4.3e-06 0 (0.421895 -0.0202509 0.0226396) 2650 54.7198 0 (0 0 0) (0 0 0)
5.670000e+02	1 (0 0.0377786 0.61498 0.347241) (23.5 0.549547 1.26445) 415 22751 2 22751 0.977747 5 9310 1 -1 1 8.9e-06 0 (0.418596 0.00533097 0.0235542) 2650 56.9777 0 (0 0 0) (0 0 0)
5.670000e+02	1 (0 0.569176 0.377697 0.0531276) (23.5 0.370192 1.36992) 393 22735 2 22735 0.625347 5 11423 1 -1 1 4.3e-06 0 (0.420017 -0.037606 0.00283431) 2650 54.6253 0 (0 0 0) (0 0 0)
5.670000e+02	1 (0 0.637635 0.353098 0.00926625) (23.5 0.762242 1.29349) 407 22758 2 22758 0.918118 5 9917 1 -1 1 8.9e-06 0 (0.42353 0.000418527 0.040758) 2650 56.9181 0 (0 0 0) (0 0 0)
5.670000e+02	1 (0 0.553788 0.416157 0.0300554) (23.5 0.694208 1.26941) 406 22757 1 22757 0.920821 5 11836 1 -1 1 4.3e-06 0 (0.420648 0.00539576 0.0361717) 2650 54.9208 0 (0 0 0) (0 0 0)
5.670000e+02	1 (0 0.14114 0.296328 0.562532) (23.5 0.648718 1.23563) 414 22752 1 22752 0.923933 5 11704 1 -1 1 4.3e-06 0 (0.418406 0.0154002 0.0324209) 2650 54.9239 0 (0 0 0) (0 0 0)
5.670000e+02	1 (0 0.357715 0.38059 0.261696) (23.5 0.551675 1.35806) 391 22759 1 22759 0.864804 5 10174 1 -1 1 8.9e-06 0 (0.422234 -0.0273871 0.018933) 2650 56.8648 0 (0 0 0) (0 0 0)
5.670000e+02	1 (0 0.456283 0.347642 0.196076) (23.5 0.543747 1.35346) 391 22759 1 22759 0.956714 5 12127 1 -1 1 4.3e-06 0 (0.421903 -0.0261114 0.0187165) 2650 54.9567 0 (0 0 0) (0 0 0)
5.680000e+02	1 (0 0.756103 0.199846 0.0440513) (23.5 0.807737 1.02178) 172 22828 1 22828 0.126318 5 4477 1 -1 1 7.5e-05 0 (0.357159 0.0318881 0.0206659) 2650 62.1263 0 (0 0 0) (0 0 0)
5.680000e+02	1 (0 0.0688891 0.676916 0.254195) (23.5 0.94095 1.11042) 191 22850 1 22850 0.327256 5 4504 1 -1 1 7.5e-05 0 (0.410421 0.0142665 0.0322027) 2650 62.3273 0 (0 0 0) (0 0 0)
5.680000e+02	1 (0 0.231331 0.259561 0.509109) (23.5 0.890917 1.04383) 177 22847 2 22847 0.10919 5 4473 1 -1 1 7.5e-05 0 (0.38428 0.0176154 0.0245958) 2650 62.1092 0 (0 0 0) (0 0 0)
5.680000e+02	1 (0 0.000977122 0.536256 0.462767) (23.5 0.84474 1.40929) 387 22771 2 22771 0.464649 5 4700 1 -1 1 7.5e-05 0 (0.42859 -0.0214059 0.0315931) 2650 62.4646 0 (0 0 0) (0 0 0)
5.680000e+02	1 (0 0.645322 0.195403 0.159275) (23.5 0.821715 1.43307) 384 22773 2 22773 0.478797 5 4701 1 -1 1 7.5e-05 0 (0.427691 -0.0255457 0.0250466) 2650 62.4788 0 (0 0 0) (0 0 0)
5.680000e+02	1 (0 0.151871 0.176822 0.671307) (23.5 0.797662 1.45419) 383 22766 1 22766 0.518007 5 4734 1 -1 1 7.5e-05 0 (0.42774 -0.0317535 0.0196164) 2650 62.518 0 (0 0 0) (0 0 0)
5.680000e+02	1 (0 0.0701768 0.27972 0.650103) (23.5 0.756312 1.47142) 383 22766 2 22766 0.52036 5 4799 1 -1 1 7.5e-05 0 (0.427651 -0.0410681 0.0141766) 2650 62.5204 0 (0 0 0) (0 0 0)
5.680000e+02	1 (0 0.62364 0.29781 0.0785501) (23.5 0.851505 1.02296) 175 22831 2 22831 0.555639 5 4474 1 -1 1 7.5e-05 0 (0.356125 0.0204083 0.0203421) 2650 62.5556 0 (0 0 0) (0 0 0)
5.680000e+02	1 (0 0.952148 0.0420548 0.00579714) (23.5 0.807679 1.01761) 172 22828 2 22828 0.654563 5 4475 1 -1 1 7.5e-05 0 (0.350354 0.0303095 0.0194219) 2650 62.6546 0 (0 0 0) (0 0 0)
5.680000e+02	1 (0 0.87809 0.0451685 0.0767415) (23.5 0.805457 1.01926) 172 22828 1 22828 0.408615 5 4476 1 -1 1 7.5e-05 0 (0.353248 0.0314502 0.0198815) 2650 62.4086 0 (0 0 0) (0 0 0)
5.680000e+02	1 (0 0.108484 0.842295 0.0492208) (23.5 0.571676 1.06423) 439 22739 1 22739 0.327039 5 4223 1 -1 1 7.5e-05 0 (0.406468 0.066728 0.0205291) 2650 62.327 0 (0 0 0) (0 0 0)
5.680000e+02	1 (0 0.361299 0.00118657 0.637514) (23.5 0.609398 1.03734) 165 22823 2 22823 0.695068 5 4447 1 -1 1 7.5e-05 0 (0.394637 0.0709629 0.0205059) 2650 62.6951 0 (0 0 0) (0 0 0)
5.680000e+02	1 (0 0.398513 0.518967 0.0825196) (23.5 0.548359 1.0664) 439 22739 1 22739 0.61701 5 4191 1 -1 1 7.5e-05 0 (0.406856 0.0667916 0.0195564) 2650 62.617 0 (0 0 0) (0 0 0)
5.680000e+02	1 (0 0.465886 0.390478 0.143636) (23.5 0.775425 1.27767) 407 22758 1 22758 0.0783192 5 9884 1 -1 1 8.9e-06 0 (0.422847 0.00438045 0.0428927) 2650 57.0783 0 (0 0 0) (0 0 0)
5.680000e+02	1 (0 0.23307 0.673243 0.0936875) (23.5 0.785511 1.25046) 412 22756 2 22756 0.25491 5 9850 1 -1 1 8.9e-06 0 (0.421648 0.0110655 0.044552) 2650 57.2549 0 (0 0 0) (0 0 0)
5.680000e+02	1 (0 0.14405 0.431598 0.424352) (23.5 0.692941 1.32932) 406 22757 2 22757 0.0325225 5 10110 1 -1 1 8.9e-06 0 (0.423749 -0.0113051 0.0326809) 2650 57.0325 0 (0 0 0) (0 0 0)
5.680000e+02	1 (0 0.660233 0.284524 0.0552438) (23.5 0.761191 1.19913) 412 22756 1 22756 0.180999 5 9718 1 -1 1 8.9e-06 0 (0.41863 0.0234444 0.0426031) 2650 57.181 0 (0 0 0) (0 0 0)
5.680000e+02	1 (0 0.077984 0.0433407 0.878675) (23.5 0.66316 1.33411) 406 22757 2 22757 0.109206 5 10142 1 -1 1 8.9e-06 0 (0.423284 -0.0140606 0.029867) 2650 57.1092 0 (0 0 0) (0 0 0)
5.680000e+02	1 (0 0.110481 0.729166 0.160353) (23.5 0.638349 1.18739) 429 22742 2 22742 0.234279 5 9594 1 -1 1 8.9e-06 0 (0.417133 0.0304822 0.0316138) 2650 57.2343 0 (0 0 0) (0 0 0)
5.680000e+02	1 (0 0.392914 0.568653 0.0384336) (23.5 0.62868 1.19779) 414 22752 1 22752 0.052604 5 9595 1 -1 1 8.9e-06 0 (0.417653 0.0273988 0.0308571) 2650 57.0526 0 (0 0 0) (0 0 0)
5.680000e+02	1 (0 0.527494 0.32069 0.151816) (23.5 0.6962 1.27824) 406 22757 1 22757 0.0848246 5 11869 1 -1 1 4.3e-06 0 (0.421558 0.00356494 0.0356759) 2650 55.0848 0 (0 0 0) (0 0 0)
5.680000e+02	1 (0 0.42616 0.32855 0.245289) (23.5 0.685133 1.23646) 413 22755 2 22755 0.00653815 5 11768 1 -1 1 4.3e-06 0 (0.419625 0.0155608 0.0354939) 2650 55.0065 0 (0 0 0) (0 0 0)
5.680000e+02	1 (0 0.353428 0.549615 0.096957) (23.5 0.702109 1.24172) 413 22755 2 22755 0.121643 5 11802 1 -1 1 4.3e-06 0 (0.420061 0.0140734 0.0370498) 2650 55.1216 0 (0 0 0) (0 0 0)
5.680000e+02	1 (0 0.441194 0.349601 0.209205) (23.5 0.544961 1.35438) 391 22759 1 22759 0.219187 5 12159 1 -1 1 4.3e-06 0 (0.42208 -0.0258011 0.0187588) 2650 55.2192 0 (0 0 0) (0 0 0)
5.680000e+02	1 (0 0.54309 0.192246 0.264664) (23.5 0.536794 1.28638) 404 22753 1 22753 0.346419 5 11486 1 -1 1 4.3e-06 0 (0.420133 -0.00181745 0.0215461) 2650 55.3464 0 (0 0 0) (0 0 0)
5.680000e+02	1 (0 0.748478 0.134537 0.116985) (23.5 0.439746 1.34793) 392 22736 1 22736 0.17136 5 11391 1 -1 1 4.3e-06 0 (0.420423 -0.0274418 0.0104822) 2650 55.1714 0 (0 0 0) (0 0 0)
5.680000e+02	1 (0 0.195155 0.790394 0.0144506) (23.5 0.927412 1.26833) 409 22770 1 22770 0.605467 5 4633 1 -1 1 7.5e-05 0 (0.423458 0.00428017 0.0458908) 2650 62.6055 0 (0 0 0) (0 0 0)
5.680000e+02	1 (0 0.395084 0.571935 0.0329805) (23.5 0.912662 1.31091) 409 22770 2 22770 0.707163 5 4666 1 -1 1 7.5e-05 0 (0.42491 -0.000583125 0.0439875) 2650 62.7072 0 (0 0 0) (0 0 0)
5.680000e+02	1 (0 0.547508 0.00805079 0.444441) (23.5 0.876822 1.37098) 386 22772 2 22772 0.755394 5 4699 1 -1 1 7.5e-05 0 (0.428132 -0.0117972 0.0379829) 2650 62.7554 0 (0 0 0) (0 0 0)
5.680000e+02	1 (0 0.135481 0.817257 0.0472614) (23.5 0.795452 1.46703) 383 22766 2 22766 0.989171 5 4766 1 -1 1 7.5e-05 0 (0.427341 -0.0338045 0.0169078) 2650 62.9892 0 (0 0 0) (0 0 0)
5.680000e+02	1 (0 0.1665 0.0513097 0.78219) (23.5 0.748086 1.47937) 364 22775 2 22775 0.937065 5 4831 1 -1 1 7.5e-05 0 (0.427594 -0.0435251 0.0120553) 2650 62.9371 0 (0 0 0) (0 0 0)
5.680000e+02	1 (0 0.391014 0.454119 0.154867) (23.5 0.780733 1.20635) 412 22756 1 22756 0.5993 5 9783 1 -1 1 8.9e-06 0 (0.419208 0.0210187 0.0442973) 2650 57.5993 0 (0 0 0) (0 0 0)
5.680000e+02	1 (0 0.303519 0.39443 0.302052) (23.5 0.787107 1.21697) 412 22756 1 22756 0.655086 5 9816 1 -1 1 8.9e-06 0 (0.419857 0.0184624 0.0448218) 2650 57.6551 0 (0 0 0) (0 0 0)
5.680000e+02	1 (0 0.292272 0.665532 0.0421956) (23.5 0.788043 1.27033) 407 22758 1 22758 0.596686 5 9883 1 -1 1 8.9e-06 0 (0.422653 0.006017 0.0444926) 2650 57.5967 0 (0 0 0) (0 0 0)
5.680000e+02	1 (0 0.377717 0.319016 0.303267) (23.5 0.781782 1.28922) 407 22758 1 22758 0.660552 5 9916 1 -1 1 8.9e-06 0 (0.423628 0.00182492 0.0427407) 2650 57.6606 0 (0 0 0) (0 0 0)
5.680000e+02	1 (0 0.504878 0.424167 0.0709548) (23.5 0.767366 1.30311) 407 22758 2 22758 0.455592 5 9949 1 -1 1 8.9e-06 0 (0.424125 -0.00149403 0.0406005) 2650 57.4556 0 (0 0 0) (0 0 0)
5.680000e+02	1 (0 0.491667 0.471855 0.0364781) (23.5 0.773411 1.19781) 412 22756 1 22756 0.579821 5 9750 1 -1 1 8.9e-06 0 (0.418666 0.0231751 0.0436824) 2650 57.5798 0 (0 0 0) (0 0 0)
5.680000e+02	1 (0 0.180049 0.324371 0.49558) (23.5 0.796098 1.23093) 412 22756 1 22756 0.908554 5 9849 1 -1 1 8.9e-06 0 (0.420715 0.0150734 0.0455651) 2650 57.9086 0 (0 0 0) (0 0 0)
5.680000e+02	1 (0 0.386005 0.530746 0.0832491) (23.5 0.700457 1.16842) 430 22745 2 22745 0.457857 5 9591 1 -1 1 8.9e-06 0 (0.416226 0.0342612 0.0366228) 2650 57.4579 0 (0 0 0) (0 0 0)
5.680000e+02	1 (0 0.196573 0.422366 0.38106) (23.5 0.767092 1.1816) 431 22746 2 22746 0.935506 5 9686 1 -1 1 8.9e-06 0 (0.417503 0.0274698 0.0427025) 2650 57.9355 0 (0 0 0) (0 0 0)
5.680000e+02	1 (0 0.33642 0.430133 0.233446) (23.5 0.767763 1.31533) 407 22758 2 22758 0.928873 5 9981 1 -1 1 8.9e-06 0 (0.424739 -0.00472439 0.0399458) 2650 57.9289 0 (0 0 0) (0 0 0)
5.680000e+02	1 (0 0.890496 0.0875598 0.0219445) (23.5 0.587469 1.20291) 414 22752 2 22752 0.555343 5 9565 1 -1 1 8.9e-06 0 (0.417749 0.0264842 0.0274962) 2650 57.5553 0 (0 0 0) (0 0 0)
5.680000e+02	1 (0 0.265011 0.0117164 0.723273) (23.5 0.716345 1.24726) 413 22755 1 22755 0.384468 5 11835 1 -1 1 4.3e-06 0 (0.420468 0.0124596 0.0383441) 2650 55.3845 0 (0 0 0) (0 0 0)
5.680000e+02	1 (0 0.626101 0.0952513 0.278647) (23.5 0.688573 1.21515) 413 22755 1 22755 0.459181 5 11735 1 -1 1 4.3e-06 0 (0.418767 0.0216366 0.0359691) 2650 55.4592 0 (0 0 0) (0 0 0)
5.680000e+02	1 (0 0.277808 0.364829 0.357363) (23.5 0.715299 1.22086) 413 22755 1 22755 0.664198 5 11801 1 -1 1 4.3e-06 0 (0.419229 0.0193556 0.0383988) 2650 55.6642 0 (0 0 0) (0 0 0)
5.680000e+02	1 (0 0.102927 0.181944 0.715129) (23.5 0.673792 1.3323) 406 22757 2 22757 0.769141 5 10173 1 -1 1 8.9e-06 0 (0.423446 -0.0130466 0.0308763) 2650 57.7691 0 (0 0 0) (0 0 0)
5.680000e+02	1 (0 0.12697 0.100184 0.772845) (23.5 0.72694 1.25085) 413 22755 1 22755 0.710228 5 11868 1 -1 1 4.3e-06 0 (0.420713 0.0112107 0.0392998) 2650 55.7102 0 (0 0 0) (0 0 0)
5.680000e+02	1 (0 0.00902746 0.79995 0.191022) (23.5 0.721363 1.26659) 413 22755 2 22755 0.726836 5 11901 1 -1 1 4.3e-06 0 (0.42132 0.00678689 0.0386675) 2650 55.7268 0 (0 0 0) (0 0 0)
5.680000e+02	1 (0 0.487042 0.243306 0.269653) (23.5 0.69928 1.28679) 406 22757 1 22757 0.32971 5 11934 1 -1 1 4.3e-06 0 (0.422021 0.00130383 0.0354846) 2650 55.3297 0 (0 0 0) (0 0 0)
5.680000e+02	1 (0 0.762283 0.102232 0.135486) (23.5 0.678103 1.20481) 413 22755 1 22755 0.664508 5 11703 1 -1 1 4.3e-06 0 (0.418208 0.0246375 0.0350637) 2650 55.6645 0 (0 0 0) (0 0 0)
5.680000e+02	1 (0 0.423344 0.332189 0.244467) (23.5 0.704117 1.2127) 413 22755 1 22755 0.69246 5 11767 1 -1 1 4.3e-06 0 (0.418767 0.0218101 0.0374153) 2650 55.6925 0 (0 0 0) (0 0 0)
5.680000e+02	1 (0 0.139452 0.415877 0.444671) (23.5 0.725925 1.22717) 413 22755 1 22755 0.752302 5 11834 1 -1 1 4.3e-06 0 (0.419602 0.0173979 0.0393417) 2650 55.7523 0 (0 0 0) (0 0 0)
5.680000e+02	1 (0 0.153435 0.685372 0.161193) (23.5 0.647694 1.20665) 414 22752 1 22752 0.705863 5 11672 1 -1 1 4.3e-06 0 (0.418058 0.0244745 0.0323708) 2650 55.7059 0 (0 0 0) (0 0 0)
5.680000e+02	1 (0 0.570086 0.0218761 0.408038) (23.5 0.614667 1.22446) 414 22752 1 22752 0.580072 5 11645 1 -1 1 4.3e-06 0 (0.418698 0.0197187 0.0295786) 2650 55.5801 0 (0 0 0) (0 0 0)
5.680000e+02	1 (0 0.232061 0.0186409 0.749298) (23.5 0.561869 1.24908) 415 22751 1 22751 0.589313 5 9279 1 -1 1 8.9e-06 0 (0.419202 0.0114017 0.0248419) 2650 57.5893 0 (0 0 0) (0 0 0)
5.680000e+02	1 (0 0.459174 0.28862 0.252207) (23.5 0.28597 1.44565) 377 22734 2 22734 0.81828 5 10207 1 -1 1 8.9e-06 0 (0.42103 -0.0583496 -0.00397312) 2650 57.8183 0 (0 0 0) (0 0 0)
5.680000e+02	1 (0 0.641394 0.203751 0.154855) (23.5 0.516379 1.36484) 391 22759 2 22759 0.429325 5 12191 1 -1 1 4.3e-06 0 (0.421956 -0.0308168 0.0157397) 2650 55.4293 0 (0 0 0) (0 0 0)
5.680000e+02	1 (0 0.398269 0.367195 0.234536) (23.5 0.628278 1.21194) 414 22752 1 22752 0.745316 5 11675 1 -1 1 4.3e-06 0 (0.418224 0.0232129 0.0307695) 2650 55.7453 0 (0 0 0) (0 0 0)
5.680000e+02	1 (0 0.297805 0.085408 0.616787) (23.5 0.476026 1.38291) 392 22736 1 22736 0.774795 5 10206 1 -1 1 8.9e-06 0 (0.421827 -0.0392291 0.0112594) 2650 57.7748 0 (0 0 0) (0 0 0)
5.680000e+02	1 (0 0.259005 0.27588 0.465115) (23.5 0.441761 1.39161) 392 22736 2 22736 0.876452 5 12223 1 -1 1 4.3e-06 0 (0.4215 -0.0436002 0.00846135) 2650 55.8765 0 (0 0 0) (0 0 0)
5.680000e+02	1 (0 0.260188 0.699986 0.0398261) (23.5 0.559602 1.27007) 404 22753 1 22753 0.546526 5 11518 1 -1 1 4.3e-06 0 (0.419813 0.00416728 0.024186) 2650 55.5465 0 (0 0 0) (0 0 0)
5.680000e+02	1 (0 0.0318704 0.161388 0.806741) (23.5 0.57799 1.25323) 415 22751 1 22751 0.735305 5 11550 1 -1 1 4.3e-06 0 (0.419401 0.0100648 0.0260712) 2650 55.7353 0 (0 0 0) (0 0 0)
5.680000e+02	1 (0 0.0169688 0.824996 0.158036) (23.5 0.566467 1.26595) 415 22751 2 22751 0.87866 5 11454 1 -1 1 4.3e-06 0 (0.419742 0.00570067 0.0249185) 2650 55.8787 0 (0 0 0) (0 0 0)
5.680000e+02	1 (0 0.595422 0.296371 0.108207) (23.5 0.452067 1.34731) 392 22736 1 22736 0.631685 5 11359 1 -1 1 4.3e-06 0 (0.420558 -0.0268064 0.0116046) 2650 55.6317 0 (0 0 0) (0 0 0)
5.680000e+02	1 (0 0.21137 0.617828 0.170801) (23.5 0.720459 1.27963) 406 22757 1 22757 0.920494 5 11966 1 -1 1 4.3e-06 0 (0.421946 0.00329513 0.0378803) 2650 55.9205 0 (0 0 0) (0 0 0)
5.690000e+02	1 (0 0.15995 0.782379 0.0576718) (23.5 0.929622 1.27144) 409 22770 1 22770 0.445797 5 4632 1 -1 1 7.5e-05 0 (0.422611 0.00403652 0.0465353) 2650 63.4458 0 (0 0 0) (0 0 0)
5.690000e+02	1 (0 0.570215 0.0537095 0.376076) (23.5 0.837481 1.43442) 384 22773 1 22773 0.23143 5 4732 1 -1 1 7.5e-05 0 (0.425616 -0.0232464 0.0254961) 2650 63.2314 0 (0 0 0) (0 0 0)
5.690000e+02	1 (0 0.32925 0.210192 0.460558) (23.5 0.822778 1.45407) 384 22773 2 22773 0.282298 5 4733 1 -1 1 7.5e-05 0 (0.425716 -0.0283695 0.0210059) 2650 63.2823 0 (0 0 0) (0 0 0)
5.690000e+02	1 (0 0.822132 0.0307568 0.147111) (23.5 0.795802 1.47798) 364 22775 2 22775 0.524555 5 4798 1 -1 1 7.5e-05 0 (0.425888 -0.0362093 0.0149672) 2650 63.5246 0 (0 0 0) (0 0 0)
5.690000e+02	1 (0 0.0733681 0.128137 0.798495) (23.5 0.741344 1.48429) 364 22775 2 22775 0.305156 5 4863 1 -1 1 7.5e-05 0 (0.426214 -0.0454626 0.0104455) 2650 63.3052 0 (0 0 0) (0 0 0)
5.690000e+02	1 (0 0.844415 0.100932 0.0546529) (23.5 0.73193 1.48605) 365 22776 1 22776 0.570656 5 4895 1 -1 1 7.5e-05 0 (0.426199 -0.047093 0.00969033) 2650 63.5707 0 (0 0 0) (0 0 0)
5.690000e+02	1 (0 0.082373 0.1385 0.779126) (23.5 0.803237 1.25137) 412 22756 1 22756 0.281273 5 9882 1 -1 1 8.9e-06 0 (0.421929 0.0107375 0.0460972) 2650 58.2813 0 (0 0 0) (0 0 0)
5.690000e+02	1 (0 0.353139 0.153557 0.493304) (23.5 0.783518 1.30298) 407 22758 1 22758 0.20372 5 9948 1 -1 1 8.9e-06 0 (0.42426 -0.00089354 0.0419866) 2650 58.2037 0 (0 0 0) (0 0 0)
5.690000e+02	1 (0 0.213722 0.40364 0.382638) (23.5 0.765816 1.32423) 407 22758 2 22758 0.22466 5 10013 1 -1 1 8.9e-06 0 (0.424856 -0.00683984 0.039199) 2650 58.2247 0 (0 0 0) (0 0 0)
5.690000e+02	1 (0 0.156504 0.331895 0.5116) (23.5 0.760602 1.32838) 407 22758 2 22758 0.292735 5 10045 1 -1 1 8.9e-06 0 (0.424912 -0.00817513 0.0385154) 2650 58.2927 0 (0 0 0) (0 0 0)
5.690000e+02	1 (0 0.0621854 0.841452 0.0963626) (23.5 0.724357 1.33526) 406 22757 2 22757 0.287227 5 10141 1 -1 1 8.9e-06 0 (0.424484 -0.0113854 0.0349351) 2650 58.2872 0 (0 0 0) (0 0 0)
5.690000e+02	1 (0 0.0237026 0.616566 0.359731) (23.5 0.657811 1.15084) 429 22742 1 22742 0.250987 5 9560 1 -1 1 8.9e-06 0 (0.415894 0.0409226 0.0321696) 2650 58.251 0 (0 0 0) (0 0 0)
5.690000e+02	1 (0 0.0954904 0.761662 0.142848) (23.5 0.729359 1.27761) 406 22757 1 22757 0.264363 5 11998 1 -1 1 4.3e-06 0 (0.422209 0.00427396 0.0385745) 2650 56.2644 0 (0 0 0) (0 0 0)
5.690000e+02	1 (0 0.164547 0.723926 0.111527) (23.5 0.723942 1.20313) 413 22755 1 22755 0.169134 5 11800 1 -1 1 4.3e-06 0 (0.419151 0.0240778 0.0390091) 2650 56.1691 0 (0 0 0) (0 0 0)
5.690000e+02	1 (0 0.463159 0.0449942 0.491847) (23.5 0.7399 1.23383) 412 22756 2 22756 0.116354 5 11867 1 -1 1 4.3e-06 0 (0.420496 0.0157396 0.0403206) 2650 56.1164 0 (0 0 0) (0 0 0)
5.690000e+02	1 (0 0.143738 0.0228821 0.83338) (23.5 0.738352 1.25688) 412 22756 2 22756 0.241474 5 11933 1 -1 1 4.3e-06 0 (0.421433 0.00975324 0.0400501) 2650 56.2415 0 (0 0 0) (0 0 0)
5.690000e+02	1 (0 0.199238 0.164906 0.635856) (23.5 0.672446 1.18128) 430 22745 2 22745 0.351637 5 11671 1 -1 1 4.3e-06 0 (0.41783 0.0316528 0.0340623) 2650 56.3516 0 (0 0 0) (0 0 0)
5.690000e+02	1 (0 0.013658 0.54306 0.443282) (23.5 0.623594 1.19407) 429 22742 2 22742 0.345894 5 11644 1 -1 1 4.3e-06 0 (0.418647 0.0288572 0.0302532) 2650 56.3459 0 (0 0 0) (0 0 0)
5.690000e+02	1 (0 0.061331 0.734632 0.204037) (23.5 0.638788 1.19078) 429 22742 2 22742 0.268011 5 11673 1 -1 1 4.3e-06 0 (0.418446 0.0296698 0.0314479) 2650 56.268 0 (0 0 0) (0 0 0)
5.690000e+02	1 (0 0.664169 0.207414 0.128417) (23.5 0.596998 1.21925) 414 22752 2 22752 0.0800119 5 11614 1 -1 1 4.3e-06 0 (0.419516 0.0215677 0.0278893) 2650 56.08 0 (0 0 0) (0 0 0)
5.690000e+02	1 (0 0.866024 0.0742063 0.05977) (23.5 0.591113 1.34393) 390 22760 1 22760 0.246095 5 10205 1 -1 1 8.9e-06 0 (0.422604 -0.0195935 0.0230944) 2650 58.2461 0 (0 0 0) (0 0 0)
5.690000e+02	1 (0 0.346275 0.100834 0.552891) (23.5 0.917822 1.30715) 409 22770 1 22770 0.802547 5 4665 1 -1 1 7.5e-05 0 (0.423923 2.70781e-05 0.0449305) 2650 63.8025 0 (0 0 0) (0 0 0)
5.690000e+02	1 (0 0.631964 0.253257 0.114778) (23.5 0.899689 1.34736) 386 22772 1 22772 0.830949 5 4698 1 -1 1 7.5e-05 0 (0.425486 -0.00654729 0.0416134) 2650 63.8309 0 (0 0 0) (0 0 0)
5.690000e+02	1 (0 0.0754326 0.0600372 0.86453) (23.5 0.871036 1.39975) 387 22771 1 22771 0.737291 5 4731 1 -1 1 7.5e-05 0 (0.42704 -0.0169348 0.0346694) 2650 63.7373 0 (0 0 0) (0 0 0)
5.690000e+02	1 (0 0.24309 0.616166 0.140745) (23.5 0.923975 1.07078) 434 22748 1 22748 0.9131 5 4441 1 -1 1 7.5e-05 0 (0.399331 0.0161622 0.0278868) 2650 63.9131 0 (0 0 0) (0 0 0)
5.690000e+02	1 (0 0.824499 0.155622 0.0198782) (23.5 0.722867 1.48605) 365 22776 2 22776 0.766818 5 4927 1 -1 1 7.5e-05 0 (0.426153 -0.0484613 0.0096106) 2650 63.7668 0 (0 0 0) (0 0 0)
5.690000e+02	1 (0 0.718249 0.147411 0.13434) (23.5 0.714762 1.48553) 365 22776 2 22776 0.956799 5 4959 1 -1 1 7.5e-05 0 (0.42606 -0.0494422 0.00928499) 2650 63.9568 0 (0 0 0) (0 0 0)
5.690000e+02	1 (0 0.0990416 0.76989 0.131068) (23.5 0.801901 1.20469) 412 22756 1 22756 0.88123 5 9815 1 -1 1 8.9e-06 0 (0.419558 0.0208207 0.0460884) 2650 58.8812 0 (0 0 0) (0 0 0)
5.690000e+02	1 (0 0.0166146 0.631893 0.351492) (23.5 0.807921 1.22058) 412 22756 1 22756 0.871438 5 9848 1 -1 1 8.9e-06 0 (0.420384 0.0171395 0.0465982) 2650 58.8714 0 (0 0 0) (0 0 0)
5.690000e+02	1 (0 0.114006 0.675794 0.2102) (23.5 0.800933 1.2825) 407 22758 1 22758 0.593454 5 9915 1 -1 1 8.9e-06 0 (0.423431 0.00366467 0.0448867) 2650 58.5935 0 (0 0 0) (0 0 0)
5.690000e+02	1 (0 0.314673 0.0502899 0.635037) (23.5 0.786273 1.31324) 407 22758 1 22758 0.728833 5 9980 1 -1 1 8.9e-06 0 (0.42482 -0.00317713 0.0416137) 2650 58.7288 0 (0 0 0) (0 0 0)
5.690000e+02	1 (0 0.114794 0.252205 0.633001) (23.5 0.754815 1.33142) 407 22758 2 22758 0.374899 5 10077 1 -1 1 8.9e-06 0 (0.424909 -0.00923625 0.0378434) 2650 58.3749 0 (0 0 0) (0 0 0)
5.690000e+02	1 (0 0.0824498 0.147063 0.770487) (23.5 0.747185 1.33377) 407 22758 2 22758 0.44331 5 10109 1 -1 1 8.9e-06 0 (0.424836 -0.0101979 0.0370476) 2650 58.4433 0 (0 0 0) (0 0 0)
5.690000e+02	1 (0 0.396154 0.078391 0.525455) (23.5 0.586687 1.16767) 429 22742 2 22742 0.461985 5 9564 1 -1 1 8.9e-06 0 (0.41718 0.0377055 0.0271487) 2650 58.462 0 (0 0 0) (0 0 0)
5.690000e+02	1 (0 0.0990331 0.0241091 0.876858) (23.5 0.72893 1.33084) 406 22757 1 22757 0.7536 5 10172 1 -1 1 8.9e-06 0 (0.424413 -0.00990909 0.0355581) 2650 58.7536 0 (0 0 0) (0 0 0)
5.690000e+02	1 (0 0.135549 0.0191671 0.845284) (23.5 0.726105 1.18441) 430 22745 1 22745 0.722963 5 11799 1 -1 1 4.3e-06 0 (0.41814 0.0291557 0.039047) 2650 56.723 0 (0 0 0) (0 0 0)
5.690000e+02	1 (0 0.0100738 0.864458 0.125468) (23.5 0.735791 1.20414) 413 22755 1 22755 0.405545 5 11833 1 -1 1 4.3e-06 0 (0.419221 0.0234724 0.0400964) 2650 56.4055 0 (0 0 0) (0 0 0)
5.690000e+02	1 (0 0.776929 0.160647 0.0624241) (23.5 0.748234 1.21119) 412 22756 2 22756 0.639306 5 11866 1 -1 1 4.3e-06 0 (0.419662 0.0216191 0.0412269) 2650 56.6393 0 (0 0 0) (0 0 0)
5.690000e+02	1 (0 0.400253 0.171275 0.428472) (23.5 0.749071 1.23837) 412 22756 2 22756 0.47308 5 11900 1 -1 1 4.3e-06 0 (0.4208 0.0145594 0.0411583) 2650 56.4731 0 (0 0 0) (0 0 0)
5.690000e+02	1 (0 0.13121 0.677502 0.191288) (23.5 0.634248 1.18596) 429 22742 2 22742 0.470186 5 11674 1 -1 1 4.3e-06 0 (0.418176 0.0312539 0.0310659) 2650 56.4702 0 (0 0 0) (0 0 0)
5.690000e+02	1 (0 0.0345067 0.811328 0.154166) (23.5 0.734037 1.27843) 406 22757 1 22757 0.548369 5 12030 1 -1 1 4.3e-06 0 (0.422283 0.0040716 0.0389726) 2650 56.5484 0 (0 0 0) (0 0 0)
5.690000e+02	1 (0 0.0330293 0.770362 0.196609) (23.5 0.734141 1.28151) 406 22757 1 22757 0.723499 5 12062 1 -1 1 4.3e-06 0 (0.422411 0.00325193 0.0388136) 2650 56.7235 0 (0 0 0) (0 0 0)
5.690000e+02	1 (0 0.74698 0.130819 0.122201) (23.5 0.600599 1.20383) 414 22752 1 22752 0.683904 5 11582 1 -1 1 4.3e-06 0 (0.41903 0.0263029 0.0283565) 2650 56.6839 0 (0 0 0) (0 0 0)
5.690000e+02	1 (0 0.631167 0.298678 0.0701552) (23.5 0.758272 1.22172) 412 22756 2 22756 0.92285 5 11899 1 -1 1 4.3e-06 0 (0.420225 0.0188859 0.0421138) 2650 56.9229 0 (0 0 0) (0 0 0)
5.690000e+02	1 (0 0.220532 0.237857 0.541611) (23.5 0.753932 1.25135) 412 22756 2 22756 0.842686 5 11965 1 -1 1 4.3e-06 0 (0.421399 0.0111904 0.0415452) 2650 56.8427 0 (0 0 0) (0 0 0)
5.690000e+02	1 (0 0.056477 0.693195 0.250328) (23.5 0.73233 1.2854) 406 22757 1 22757 0.867142 5 12094 1 -1 1 4.3e-06 0 (0.422558 0.00220772 0.0384282) 2650 56.8671 0 (0 0 0) (0 0 0)
5.690000e+02	1 (0 0.135199 0.537355 0.327446) (23.5 0.726272 1.29099) 406 22757 1 22757 0.919869 5 12126 1 -1 1 4.3e-06 0 (0.422738 0.000696605 0.0375473) 2650 56.9199 0 (0 0 0) (0 0 0)
5.690000e+02	1 (0 0.219542 0.392337 0.388121) (23.5 0.719786 1.29539) 406 22757 1 22757 0.994642 5 12158 1 -1 1 4.3e-06 0 (0.422866 -0.000498294 0.0366913) 2650 56.9946 0 (0 0 0) (0 0 0)
5.690000e+02	1 (0 0.486137 0.0267663 0.487096) (23.5 0.699303 1.30255) 406 22757 1 22757 0.878575 5 12190 1 -1 1 4.3e-06 0 (0.422991 -0.00248198 0.034357) 2650 56.8786 0 (0 0 0) (0 0 0)
5.690000e+02	1 (0 0.0697299 0.262998 0.667272) (23.5 0.654337 1.31563) 405 22754 1 22754 0.955933 5 12222 1 -1 1 4.3e-06 0 (0.422664 -0.00811314 0.0297999) 2650 56.9559 0 (0 0 0) (0 0 0)
5.700000e+02	1 (0 0.0419139 0.493072 0.465014) (23.5 0.940613 1.23394) 197 22783 1 22783 0.0186379 5 4599 1 -1 1 7.5e-05 0 (0.419778 0.00766784 0.0462584) 2650 64.0186 0 (0 0 0) (0 0 0)
5.700000e+02	1 (0 0.176198 0.439672 0.384131) (23.5 0.838223 1.46417) 384 22773 2 22773 0.129991 5 4765 1 -1 1 7.5e-05 0 (0.422759 -0.0271647 0.019523) 2650 64.13 0 (0 0 0) (0 0 0)
5.700000e+02	1 (0 0.355695 0.0545399 0.589765) (23.5 0.851936 1.44856) 384 22773 1 22773 0.282663 5 4764 1 -1 1 7.5e-05 0 (0.422681 -0.0226649 0.0232132) 2650 64.2827 0 (0 0 0) (0 0 0)
5.700000e+02	1 (0 0.871188 0.0548713 0.0739407) (23.5 0.803582 1.48424) 364 22775 1 22775 0.199923 5 4830 1 -1 1 7.5e-05 0 (0.424107 -0.0357736 0.0136003) 2650 64.1999 0 (0 0 0) (0 0 0)
5.700000e+02	1 (0 0.648806 0.129347 0.221846) (23.5 0.709441 1.48438) 365 22776 2 22776 0.218576 5 4991 1 -1 1 7.5e-05 0 (0.424597 -0.0504221 0.00919488) 2650 64.2186 0 (0 0 0) (0 0 0)
5.700000e+02	1 (0 0.198311 0.74169 0.0599996) (23.5 0.73182 1.01314) 168 22824 1 22824 0.739817 5 4444 1 -1 1 7.5e-05 0 (0.323936 0.0461935 0.0166976) 2650 64.7398 0 (0 0 0) (0 0 0)
5.700000e+02	1 (0 0.350533 0.261885 0.387582) (23.5 0.608771 1.02209) 166 22822 2 22822 0.537839 5 4446 1 -1 1 7.5e-05 0 (0.373096 0.0697665 0.0181238) 2650 64.5378 0 (0 0 0) (0 0 0)
5.700000e+02	1 (0 0.0773198 0.440288 0.482393) (23.5 0.574238 1.15929) 428 22741 1 22741 0.0216866 5 9533 1 -1 1 8.9e-06 0 (0.418066 0.0404532 0.0259471) 2650 59.0217 0 (0 0 0) (0 0 0)
5.700000e+02	1 (0 0.363208 0.0561154 0.580677) (23.5 0.312507 1.4483) 377 22734 1 22734 0.119569 5 12255 1 -1 1 4.3e-06 0 (0.420286 -0.06025 -0.00223213) 2650 57.1196 0 (0 0 0) (0 0 0)
5.700000e+02	1 (0 0.729431 0.105697 0.164872) (23.5 0.715535 1.48287) 365 22776 2 22776 0.696798 5 5023 1 -1 1 7.5e-05 0 (0.4247 -0.0495024 0.00983195) 2650 64.6968 0 (0 0 0) (0 0 0)
5.700000e+02	1 (0 0.330832 0.0582563 0.610912) (23.5 0.81312 1.24347) 411 22767 2 22767 0.181738 5 9881 1 -1 1 8.9e-06 0 (0.421598 0.0124129 0.0468271) 2650 59.1817 0 (0 0 0) (0 0 0)
5.700000e+02	1 (0 0.160897 0.671732 0.167372) (23.5 0.785242 1.32803) 407 22758 2 22758 0.266818 5 10012 1 -1 1 8.9e-06 0 (0.425065 -0.00675024 0.0405809) 2650 59.2668 0 (0 0 0) (0 0 0)
5.700000e+02	1 (0 0.546044 0.39974 0.0542159) (23.5 0.765313 1.15748) 431 22746 2 22746 0.128153 5 9654 1 -1 1 8.9e-06 0 (0.416868 0.0343932 0.0413874) 2650 59.1282 0 (0 0 0) (0 0 0)
5.700000e+02	1 (0 0.0981345 0.814529 0.087336) (23.5 0.795569 1.18847) 431 22746 2 22746 0.0448084 5 9782 1 -1 1 8.9e-06 0 (0.418958 0.0251767 0.0451549) 2650 59.0448 0 (0 0 0) (0 0 0)
5.700000e+02	1 (0 0.0669003 0.260311 0.672789) (23.5 0.755393 1.33489) 407 22758 2 22758 0.167359 5 10140 1 -1 1 8.9e-06 0 (0.424758 -0.00984704 0.0374953) 2650 59.1674 0 (0 0 0) (0 0 0)
5.700000e+02	1 (0 0.808626 0.0542035 0.137171) (23.5 0.584724 1.13921) 429 22742 2 22742 0.24058 5 9563 1 -1 1 8.9e-06 0 (0.416893 0.0466016 0.0266075) 2650 59.2406 0 (0 0 0) (0 0 0)
5.700000e+02	1 (0 0.48824 0.358829 0.152931) (23.5 0.76266 1.23203) 412 22756 2 22756 0.103826 5 11932 1 -1 1 4.3e-06 0 (0.421069 0.0164779 0.0422031) 2650 57.1038 0 (0 0 0) (0 0 0)
5.700000e+02	1 (0 0.210004 0.0593868 0.730609) (23.5 0.740765 1.18061) 431 22746 2 22746 0.185545 5 11832 1 -1 1 4.3e-06 0 (0.418531 0.0295701 0.0398123) 2650 57.1855 0 (0 0 0) (0 0 0)
5.700000e+02	1 (0 0.654821 0.0234391 0.32174) (23.5 0.527751 1.36226) 391 22759 1 22759 0.0547238 5 12254 1 -1 1 4.3e-06 0 (0.422375 -0.0282208 0.0164273) 2650 57.0547 0 (0 0 0) (0 0 0)
5.700000e+02	1 (0 0.00965891 0.263052 0.727289) (23.5 0.939063 1.24773) 410 22768 1 22768 0.870515 5 4631 1 -1 1 7.5e-05 0 (0.420494 0.00641228 0.04683) 2650 64.8705 0 (0 0 0) (0 0 0)
5.700000e+02	1 (0 0.00241293 0.216389 0.781198) (23.5 0.80966 1.48985) 363 22777 2 22777 0.996296 5 4862 1 -1 1 7.5e-05 0 (0.423702 -0.0347154 0.0117692) 2650 64.9963 0 (0 0 0) (0 0 0)
5.700000e+02	1 (0 0.590448 0.158514 0.251037) (23.5 0.467055 1.04107) 159 22817 2 22817 0.868723 5 4415 1 -1 1 7.5e-05 0 (0.400398 0.0748895 0.0162447) 2650 64.8687 0 (0 0 0) (0 0 0)
5.700000e+02	1 (0 0.162099 0.648102 0.189799) (23.5 0.432621 1.05268) 159 22817 2 22817 0.749944 5 4190 1 -1 1 7.5e-05 0 (0.405684 0.0709268 0.0145083) 2650 64.7499 0 (0 0 0) (0 0 0)
5.700000e+02	1 (0 0.337976 0.640129 0.021895) (23.5 0.417838 1.05301) 158 22814 1 22814 0.943938 5 4222 1 -1 1 7.5e-05 0 (0.406087 0.0705566 0.0140241) 2650 64.9439 0 (0 0 0) (0 0 0)
5.700000e+02	1 (0 0.808049 0.0722368 0.119715) (23.5 0.814083 1.28116) 408 22769 2 22769 0.527401 5 9914 1 -1 1 8.9e-06 0 (0.423348 0.00441041 0.0460542) 2650 59.5274 0 (0 0 0) (0 0 0)
5.700000e+02	1 (0 0.0641489 0.426992 0.508859) (23.5 0.804476 1.30411) 407 22758 1 22758 0.409793 5 9947 1 -1 1 8.9e-06 0 (0.424271 -0.000898273 0.043829) 2650 59.4098 0 (0 0 0) (0 0 0)
5.700000e+02	1 (0 0.36069 0.63601 0.00329989) (23.5 0.782856 1.33993) 388 22764 1 22764 0.681805 5 10044 1 -1 1 8.9e-06 0 (0.425418 -0.010013 0.0397134) 2650 59.6818 0 (0 0 0) (0 0 0)
5.700000e+02	1 (0 0.396216 0.519779 0.0840054) (23.5 0.78024 1.34558) 388 22764 1 22764 0.92323 5 10076 1 -1 1 8.9e-06 0 (0.425517 -0.0114492 0.0388574) 2650 59.9232 0 (0 0 0) (0 0 0)
5.700000e+02	1 (0 0.164473 0.19812 0.637407) (23.5 0.750905 1.32782) 407 22758 2 22758 0.337033 5 10171 1 -1 1 8.9e-06 0 (0.424442 -0.00815626 0.037465) 2650 59.337 0 (0 0 0) (0 0 0)
5.700000e+02	1 (0 0.462136 0.479628 0.0582357) (23.5 0.775473 1.34378) 388 22764 1 22764 0.858891 5 10108 1 -1 1 8.9e-06 0 (0.425385 -0.0112312 0.0386201) 2650 59.8589 0 (0 0 0) (0 0 0)
5.700000e+02	1 (0 0.231612 0.3921 0.376287) (23.5 0.765119 1.25055) 412 22756 2 22756 0.468091 5 11997 1 -1 1 4.3e-06 0 (0.421758 0.0116774 0.0423441) 2650 57.4681 0 (0 0 0) (0 0 0)
5.700000e+02	1 (0 0.100535 0.276254 0.623212) (23.5 0.68077 1.11951) 437 22743 2 22743 0.975287 5 9559 1 -1 1 8.9e-06 0 (0.414342 0.048393 0.0330227) 2650 59.9753 0 (0 0 0) (0 0 0)
5.700000e+02	1 (0 0.0812394 0.097368 0.821393) (23.5 0.588114 1.12072) 438 22740 2 22740 0.886165 5 9561 1 -1 1 8.9e-06 0 (0.41542 0.0518831 0.0266697) 2650 59.8862 0 (0 0 0) (0 0 0)
5.700000e+02	1 (0 0.11673 0.219806 0.663464) (23.5 0.752435 1.18708) 431 22746 2 22746 0.336138 5 11865 1 -1 1 4.3e-06 0 (0.418956 0.0274131 0.0411033) 2650 57.3361 0 (0 0 0) (0 0 0)
5.700000e+02	1 (0 0.413784 0.301512 0.284704) (23.5 0.704584 1.14571) 430 22745 1 22745 0.909165 5 11734 1 -1 1 4.3e-06 0 (0.41641 0.0405012 0.0358181) 2650 57.9092 0 (0 0 0) (0 0 0)
5.700000e+02	1 (0 0.258411 0.310278 0.431311) (23.5 0.716536 1.15583) 430 22745 1 22745 0.630751 5 11766 1 -1 1 4.3e-06 0 (0.417002 0.0372274 0.0370758) 2650 57.6308 0 (0 0 0) (0 0 0)
5.700000e+02	1 (0 0.601625 0.377732 0.0206435) (23.5 0.765434 1.19665) 412 22756 1 22756 0.647504 5 11898 1 -1 1 4.3e-06 0 (0.419558 0.0244643 0.042565) 2650 57.6475 0 (0 0 0) (0 0 0)
5.700000e+02	1 (0 0.454299 0.307574 0.238127) (23.5 0.77616 1.21234) 412 22756 1 22756 0.912558 5 11931 1 -1 1 4.3e-06 0 (0.420247 0.0206129 0.0435505) 2650 57.9126 0 (0 0 0) (0 0 0)
5.700000e+02	1 (0 0.486409 0.011701 0.50189) (23.5 0.773884 1.23133) 412 22756 1 22756 0.75997 5 11964 1 -1 1 4.3e-06 0 (0.421114 0.0166186 0.043304) 2650 57.76 0 (0 0 0) (0 0 0)
5.700000e+02	1 (0 0.332335 0.295652 0.372013) (23.5 0.633372 1.15168) 429 22742 1 22742 0.467623 5 11640 1 -1 1 4.3e-06 0 (0.417291 0.0415886 0.0302686) 2650 57.4676 0 (0 0 0) (0 0 0)
5.700000e+02	1 (0 0.539809 0.0678133 0.392378) (23.5 0.585832 1.15775) 429 22742 2 22742 0.842717 5 11613 1 -1 1 4.3e-06 0 (0.417942 0.0407933 0.0267987) 2650 57.8427 0 (0 0 0) (0 0 0)
5.700000e+02	1 (0 0.874822 0.0621482 0.0630294) (23.5 0.424508 1.3485) 392 22736 2 22736 0.71457 5 9387 1 -1 1 8.9e-06 0 (0.421159 -0.0268453 0.00913547) 2650 59.7146 0 (0 0 0) (0 0 0)
