# Time         currentProc " (coordinates0 coordinates1 coordinates2 coordinates3) (position0 position1 position2) celli tetFacei tetPti facei stepFraction origProc origId active typeId nParticle d dTarget (U0 U1 U2) rho age tTurb (UTurb0 UTurb1 UTurb2) (UCorrect0 UCorrect1 UCorrect2)"
5.710000e+02	1 (0 0.0694398 0.620684 0.309876) (23.5 0.850403 1.47121) 384 22773 2 22773 0.0311616 5 4797 1 -1 1 7.5e-05 0 (0.419934 -0.0262594 0.0186194) 2650 65.0312 0 (0 0 0) (0 0 0)
5.710000e+02	1 (0 0.141406 0.686502 0.172092) (23.5 0.930774 1.27969) 409 22770 1 22770 0.170222 5 4664 1 -1 1 7.5e-05 0 (0.420808 0.00329375 0.0475534) 2650 65.1702 0 (0 0 0) (0 0 0)
5.710000e+02	1 (0 0.307801 0.00927603 0.682923) (23.5 0.920226 1.31652) 409 22770 1 22770 0.166733 5 4697 1 -1 1 7.5e-05 0 (0.422407 -0.000913583 0.0458387) 2650 65.1667 0 (0 0 0) (0 0 0)
5.710000e+02	1 (0 0.82842 0.0726031 0.0989765) (23.5 0.880646 1.42059) 385 22774 2 22774 0.113982 5 4763 1 -1 1 7.5e-05 0 (0.422623 -0.0183285 0.0316993) 2650 65.114 0 (0 0 0) (0 0 0)
5.710000e+02	1 (0 0.0121698 0.241758 0.746072) (23.5 0.892425 1.03737) 178 22846 1 22846 0.146835 5 4442 1 -1 1 7.5e-05 0 (0.376196 0.0187135 0.023053) 2650 65.1468 0 (0 0 0) (0 0 0)
5.710000e+02	1 (0 0.585042 0.0447497 0.370208) (23.5 0.902579 1.36508) 386 22772 1 22772 0.186598 5 4730 1 -1 1 7.5e-05 0 (0.421144 -0.00810981 0.0399305) 2650 65.1866 0 (0 0 0) (0 0 0)
5.710000e+02	1 (0 0.191346 0.261654 0.547) (23.5 0.822507 1.49269) 363 22777 2 22777 0.73268 5 4894 1 -1 1 7.5e-05 0 (0.420938 -0.0328477 0.0112723) 2650 65.7327 0 (0 0 0) (0 0 0)
5.710000e+02	1 (0 0.0689766 0.0737467 0.857277) (23.5 0.671877 1.01545) 168 22824 1 22824 0.113469 5 4445 1 -1 1 7.5e-05 0 (0.350509 0.0608936 0.0174711) 2650 65.1135 0 (0 0 0) (0 0 0)
5.710000e+02	1 (0 0.235959 0.023872 0.740169) (23.5 0.753128 1.47761) 364 22775 2 22775 0.620865 5 5055 1 -1 1 7.5e-05 0 (0.423352 -0.0439989 0.0127977) 2650 65.6209 0 (0 0 0) (0 0 0)
5.710000e+02	1 (0 0.283282 0.31057 0.406148) (23.5 0.387313 1.05432) 158 22814 1 22814 0.406061 5 4255 1 -1 1 7.5e-05 0 (0.407538 0.0679992 0.0121353) 2650 65.4061 0 (0 0 0) (0 0 0)
5.710000e+02	1 (0 0.0814164 0.142669 0.775915) (23.5 0.803158 1.32344) 407 22758 1 22758 0.048687 5 9979 1 -1 1 8.9e-06 0 (0.424702 -0.00504344 0.0423845) 2650 60.0487 0 (0 0 0) (0 0 0)
5.710000e+02	1 (0 0.578574 0.320702 0.100724) (23.5 0.296141 1.41644) 377 22734 1 22734 0.171868 5 9418 1 -1 1 8.9e-06 0 (0.42021 -0.0503331 -0.00349144) 2650 60.1719 0 (0 0 0) (0 0 0)
5.710000e+02	1 (0 0.137411 0.457399 0.40519) (23.5 0.769698 1.32975) 407 22758 2 22758 0.0185071 5 10170 1 -1 1 8.9e-06 0 (0.424547 -0.00767685 0.0388036) 2650 60.0185 0 (0 0 0) (0 0 0)
5.710000e+02	1 (0 0.221061 0.500565 0.278374) (23.5 0.772988 1.25132) 412 22756 2 22756 0.00813116 5 12029 1 -1 1 4.3e-06 0 (0.422082 0.0116425 0.0427864) 2650 58.0081 0 (0 0 0) (0 0 0)
5.710000e+02	1 (0 0.68366 0.131741 0.184599) (23.5 0.525454 1.13874) 428 22741 1 22741 0.274715 5 9501 1 -1 1 8.9e-06 0 (0.418427 0.0469425 0.0226336) 2650 60.2747 0 (0 0 0) (0 0 0)
5.710000e+02	1 (0 0.187173 0.526493 0.286334) (23.5 0.721932 1.14583) 430 22745 1 22745 0.339413 5 11798 1 -1 1 4.3e-06 0 (0.417118 0.0395357 0.0368334) 2650 58.3394 0 (0 0 0) (0 0 0)
5.710000e+02	1 (0 0.750549 0.130796 0.118655) (23.5 0.754783 1.27585) 407 22758 1 22758 0.278747 5 12189 1 -1 1 4.3e-06 0 (0.422881 0.00561684 0.0403257) 2650 58.2787 0 (0 0 0) (0 0 0)
5.710000e+02	1 (0 0.147309 0.562508 0.290183) (23.5 0.72535 1.28829) 406 22757 1 22757 0.0244727 5 12221 1 -1 1 4.3e-06 0 (0.423087 0.00191801 0.0367927) 2650 58.0245 0 (0 0 0) (0 0 0)
5.710000e+02	1 (0 0.260335 0.682962 0.0567033) (23.5 0.638995 1.12993) 429 22742 1 22742 0.362682 5 11639 1 -1 1 4.3e-06 0 (0.417123 0.0474962 0.0299421) 2650 58.3627 0 (0 0 0) (0 0 0)
5.710000e+02	1 (0 0.82098 0.0886673 0.090353) (23.5 0.594603 1.13224) 429 22742 1 22742 0.415492 5 11641 1 -1 1 4.3e-06 0 (0.417752 0.0481877 0.0269929) 2650 58.4155 0 (0 0 0) (0 0 0)
5.710000e+02	1 (0 0.781712 0.0675595 0.150728) (23.5 0.585786 1.14106) 429 22742 2 22742 0.204255 5 11643 1 -1 1 4.3e-06 0 (0.418341 0.0456926 0.0263851) 2650 58.2043 0 (0 0 0) (0 0 0)
5.710000e+02	1 (0 0.352504 0.361546 0.28595) (23.5 0.552091 1.14573) 428 22741 1 22741 0.432484 5 4838 1 -1 1 7.5e-05 0 (0.418735 0.0445865 0.0196228) 2650 65.4325 0 (0 0 0) (0 0 0)
5.710000e+02	1 (0 0.491232 0.137076 0.371691) (23.5 0.380574 1.36578) 393 22735 1 22735 0.00260054 5 9358 1 -1 1 8.9e-06 0 (0.421172 -0.0336121 0.00412882) 2650 60.0026 0 (0 0 0) (0 0 0)
5.710000e+02	1 (0 0.134301 0.774389 0.0913099) (23.5 0.408855 1.34614) 393 22735 1 22735 0.399084 5 9330 1 -1 1 8.9e-06 0 (0.421639 -0.0256724 0.00768309) 2650 60.3991 0 (0 0 0) (0 0 0)
5.710000e+02	1 (0 0.365045 0.114218 0.520737) (23.5 0.470589 1.30496) 403 22730 1 22730 0.214925 5 9329 1 -1 1 8.9e-06 0 (0.422457 -0.00897753 0.0143752) 2650 60.2149 0 (0 0 0) (0 0 0)
5.710000e+02	1 (0 0.0119599 0.986745 0.00129519) (23.5 0.418445 1.33887) 402 22729 2 22729 0.526679 5 9333 1 -1 1 8.9e-06 0 (0.421801 -0.022773 0.00889548) 2650 60.5267 0 (0 0 0) (0 0 0)
5.710000e+02	1 (0 0.138815 0.151408 0.709777) (23.5 0.431677 1.32967) 403 22730 2 22730 0.456134 5 9334 1 -1 1 8.9e-06 0 (0.42198 -0.0190429 0.010312) 2650 60.4561 0 (0 0 0) (0 0 0)
5.710000e+02	1 (0 0.083807 0.0768207 0.839372) (23.5 0.425677 1.33366) 403 22730 2 22730 0.566993 5 9335 1 -1 1 8.9e-06 0 (0.4219 -0.0206707 0.00968682) 2650 60.567 0 (0 0 0) (0 0 0)
5.710000e+02	1 (0 0.0128087 0.612147 0.375044) (23.5 0.310754 1.40887) 394 22732 2 22732 0.69918 5 9388 1 -1 1 8.9e-06 0 (0.420316 -0.0486558 -0.00218062) 2650 60.6992 0 (0 0 0) (0 0 0)
5.710000e+02	1 (0 0.284654 0.153386 0.56196) (23.5 0.477066 1.30795) 403 22730 1 22730 0.043602 5 9357 1 -1 1 8.9e-06 0 (0.422471 -0.00988896 0.0148303) 2650 60.0436 0 (0 0 0) (0 0 0)
5.710000e+02	1 (0 0.228617 0.637226 0.134157) (23.5 0.401514 1.41866) 378 22737 1 22737 0.256755 5 10239 1 -1 1 8.9e-06 0 (0.420674 -0.052388 0.00437603) 2650 60.2568 0 (0 0 0) (0 0 0)
5.710000e+02	1 (0 0.500168 0.0587011 0.441131) (23.5 0.504725 1.30344) 404 22753 2 22753 0.326731 5 9417 1 -1 1 8.9e-06 0 (0.42263 -0.00758641 0.0173808) 2650 60.3267 0 (0 0 0) (0 0 0)
5.710000e+02	1 (0 0.598417 0.300688 0.100895) (23.5 0.451826 1.3468) 392 22736 1 22736 0.12614 5 9448 1 -1 1 8.9e-06 0 (0.421987 -0.0247615 0.011214) 2650 60.1261 0 (0 0 0) (0 0 0)
5.710000e+02	1 (0 0.518036 0.148127 0.333837) (23.5 0.275264 1.44174) 377 22734 2 22734 0.694703 5 9480 1 -1 1 8.9e-06 0 (0.420025 -0.0562249 -0.00440852) 2650 60.6947 0 (0 0 0) (0 0 0)
5.710000e+02	1 (0 0.328739 0.0845189 0.586742) (23.5 0.814795 1.31585) 408 22769 2 22769 0.643925 5 9946 1 -1 1 8.9e-06 0 (0.424469 -0.00313207 0.0439134) 2650 60.6439 0 (0 0 0) (0 0 0)
5.710000e+02	1 (0 0.0694983 0.907663 0.0228389) (23.5 0.803959 1.34126) 388 22764 1 22764 0.700672 5 10011 1 -1 1 8.9e-06 0 (0.425278 -0.00926335 0.0413653) 2650 60.7007 0 (0 0 0) (0 0 0)
5.710000e+02	1 (0 0.591197 0.188102 0.220701) (23.5 0.821831 1.22472) 411 22767 2 22767 0.604358 5 9847 1 -1 1 8.9e-06 0 (0.420842 0.0165565 0.0473404) 2650 60.6044 0 (0 0 0) (0 0 0)
5.710000e+02	1 (0 0.303376 0.220453 0.476171) (23.5 0.824071 1.24545) 411 22767 2 22767 0.526741 5 9880 1 -1 1 8.9e-06 0 (0.421658 0.0120486 0.0474851) 2650 60.5267 0 (0 0 0) (0 0 0)
5.710000e+02	1 (0 0.68581 0.227454 0.0867362) (23.5 0.824532 1.28997) 408 22769 2 22769 0.94025 5 9913 1 -1 1 8.9e-06 0 (0.42358 0.00301896 0.0462584) 2650 60.9403 0 (0 0 0) (0 0 0)
5.710000e+02	1 (0 0.346739 0.554049 0.0992117) (23.5 0.78382 1.34663) 388 22764 1 22764 0.622459 5 10139 1 -1 1 8.9e-06 0 (0.425121 -0.0113806 0.0388754) 2650 60.6225 0 (0 0 0) (0 0 0)
5.710000e+02	1 (0 0.192291 0.545772 0.261937) (23.5 0.543882 1.11351) 439 22739 2 22739 0.635416 5 9562 1 -1 1 8.9e-06 0 (0.416048 0.054119 0.0238388) 2650 60.6354 0 (0 0 0) (0 0 0)
5.710000e+02	1 (0 0.0183314 0.286999 0.69467) (23.5 0.523076 1.12481) 439 22739 2 22739 0.60158 5 9532 1 -1 1 8.9e-06 0 (0.41756 0.0512269 0.0224954) 2650 60.6016 0 (0 0 0) (0 0 0)
5.710000e+02	1 (0 0.555788 0.164577 0.279635) (23.5 0.748256 1.15677) 431 22746 2 22746 0.536868 5 11864 1 -1 1 4.3e-06 0 (0.417569 0.0354579 0.0394605) 2650 58.5369 0 (0 0 0) (0 0 0)
5.710000e+02	1 (0 0.368955 0.398003 0.233042) (23.5 0.765257 1.1697) 431 22746 2 22746 0.680624 5 11897 1 -1 1 4.3e-06 0 (0.418324 0.0314417 0.0414803) 2650 58.6806 0 (0 0 0) (0 0 0)
5.710000e+02	1 (0 0.362397 0.0746482 0.562955) (23.5 0.782889 1.23575) 412 22756 1 22756 0.376548 5 11996 1 -1 1 4.3e-06 0 (0.421559 0.0154318 0.0438619) 2650 58.3765 0 (0 0 0) (0 0 0)
5.710000e+02	1 (0 0.17161 0.550067 0.278323) (23.5 0.776587 1.25489) 412 22756 2 22756 0.361281 5 12061 1 -1 1 4.3e-06 0 (0.422197 0.0107188 0.0431341) 2650 58.3613 0 (0 0 0) (0 0 0)
5.710000e+02	1 (0 0.117122 0.557847 0.325031) (23.5 0.777161 1.25882) 412 22756 2 22756 0.564098 5 12093 1 -1 1 4.3e-06 0 (0.422321 0.00970323 0.0431706) 2650 58.5641 0 (0 0 0) (0 0 0)
5.710000e+02	1 (0 0.0560585 0.535579 0.408363) (23.5 0.775557 1.26323) 412 22756 2 22756 0.64489 5 12125 1 -1 1 4.3e-06 0 (0.422456 0.00856656 0.0429819) 2650 58.6449 0 (0 0 0) (0 0 0)
5.710000e+02	1 (0 0.00821651 0.4724 0.519383) (23.5 0.770983 1.26668) 412 22756 2 22756 0.592814 5 12157 1 -1 1 4.3e-06 0 (0.42256 0.00767817 0.0424951) 2650 58.5928 0 (0 0 0) (0 0 0)
5.710000e+02	1 (0 0.616988 0.330316 0.052696) (23.5 0.688938 1.12968) 430 22745 1 22745 0.637962 5 11702 1 -1 1 4.3e-06 0 (0.416486 0.0454547 0.0337321) 2650 58.638 0 (0 0 0) (0 0 0)
5.710000e+02	1 (0 0.0385694 0.68096 0.28047) (23.5 0.733305 1.14544) 430 22745 1 22745 0.728685 5 11831 1 -1 1 4.3e-06 0 (0.416927 0.0390153 0.0377365) 2650 58.7287 0 (0 0 0) (0 0 0)
5.710000e+02	1 (0 0.26659 0.117832 0.615579) (23.5 0.789847 1.23956) 412 22756 1 22756 0.973266 5 12028 1 -1 1 4.3e-06 0 (0.421658 0.0143147 0.0445377) 2650 58.9733 0 (0 0 0) (0 0 0)
5.710000e+02	1 (0 0.100921 0.877488 0.021591) (23.5 0.572291 1.12749) 428 22741 1 22741 0.789914 5 11642 1 -1 1 4.3e-06 0 (0.417636 0.0500228 0.0254714) 2650 58.7899 0 (0 0 0) (0 0 0)
5.710000e+02	1 (0 0.625221 0.308966 0.065813) (23.5 0.759039 1.29439) 407 22758 2 22758 0.756289 5 10202 1 -1 1 8.9e-06 0 (0.423518 0.00126867 0.0396378) 2650 60.7563 0 (0 0 0) (0 0 0)
5.710000e+02	1 (0 0.620029 0.00708861 0.372882) (23.5 0.737151 1.2948) 407 22758 2 22758 0.472272 5 10203 1 -1 1 8.9e-06 0 (0.423241 0.000248943 0.037539) 2650 60.4723 0 (0 0 0) (0 0 0)
5.710000e+02	1 (0 0.383214 0.276794 0.339991) (23.5 0.707234 1.29189) 406 22757 1 22757 0.444042 5 10204 1 -1 1 8.9e-06 0 (0.423203 0.00089606 0.0347976) 2650 60.444 0 (0 0 0) (0 0 0)
5.710000e+02	1 (0 0.268926 0.553231 0.177842) (23.5 0.398186 1.3522) 393 22735 1 22735 0.85793 5 9332 1 -1 1 8.9e-06 0 (0.42148 -0.0281565 0.00639809) 2650 60.8579 0 (0 0 0) (0 0 0)
5.710000e+02	1 (0 0.311821 0.417268 0.270911) (23.5 0.453068 1.31711) 403 22730 2 22730 0.884909 5 9272 1 -1 1 8.9e-06 0 (0.422249 -0.0138475 0.0124863) 2650 60.8849 0 (0 0 0) (0 0 0)
5.710000e+02	1 (0 0.678949 0.248936 0.0721149) (23.5 0.679011 1.29051) 406 22757 2 22757 0.714306 5 12253 1 -1 1 4.3e-06 0 (0.423144 0.000964104 0.0322314) 2650 58.7143 0 (0 0 0) (0 0 0)
5.710000e+02	1 (0 0.152123 0.604452 0.243425) (23.5 0.487743 1.28483) 403 22730 1 22730 0.852292 5 9304 1 -1 1 8.9e-06 0 (0.422634 -0.00143411 0.0166478) 2650 60.8523 0 (0 0 0) (0 0 0)
5.710000e+02	1 (0 0.0702611 0.157279 0.77246) (23.5 0.512671 1.2621) 415 22751 2 22751 0.699898 5 9328 1 -1 1 8.9e-06 0 (0.422702 0.00700227 0.019527) 2650 60.6999 0 (0 0 0) (0 0 0)
5.710000e+02	1 (0 0.364337 0.422666 0.212998) (23.5 0.534029 1.16986) 428 22741 2 22741 0.798224 5 4870 1 -1 1 7.5e-05 0 (0.42014 0.037074 0.0183392) 2650 65.7982 0 (0 0 0) (0 0 0)
5.720000e+02	1 (0 0.202821 0.283056 0.514123) (23.5 0.823354 1.49406) 363 22777 2 22777 0.0377472 5 4926 1 -1 1 7.5e-05 0 (0.419036 -0.0332416 0.0108927) 2650 66.0377 0 (0 0 0) (0 0 0)
5.720000e+02	1 (0 0.266223 0.17656 0.557216) (23.5 0.887145 1.45799) 385 22774 2 22774 0.574111 5 4796 1 -1 1 7.5e-05 0 (0.415234 -0.019297 0.0224705) 2650 66.5741 0 (0 0 0) (0 0 0)
5.720000e+02	1 (0 0.802094 0.038061 0.159845) (23.5 0.862736 1.4782) 363 22777 2 22777 0.0102392 5 4829 1 -1 1 7.5e-05 0 (0.416849 -0.0250351 0.0174277) 2650 66.0102 0 (0 0 0) (0 0 0)
5.720000e+02	1 (0 0.438348 0.0976455 0.464006) (23.5 0.911803 1.37158) 386 22772 1 22772 0.448819 5 4762 1 -1 1 7.5e-05 0 (0.418802 -0.00856874 0.039706) 2650 66.4488 0 (0 0 0) (0 0 0)
5.720000e+02	1 (0 0.135851 0.299756 0.564394) (23.5 0.818915 1.49514) 363 22777 2 22777 0.184082 5 4958 1 -1 1 7.5e-05 0 (0.419323 -0.0341475 0.010387) 2650 66.1841 0 (0 0 0) (0 0 0)
5.720000e+02	1 (0 0.264329 0.488901 0.24677) (23.5 0.951189 1.14502) 192 22853 2 22853 0.170927 5 4472 1 -1 1 7.5e-05 0 (0.410586 0.0131069 0.0383295) 2650 66.1709 0 (0 0 0) (0 0 0)
5.720000e+02	1 (0 0.69668 0.275168 0.0281522) (23.5 0.807669 1.49541) 364 22775 1 22775 0.188419 5 4990 1 -1 1 7.5e-05 0 (0.420068 -0.0363635 0.0099877) 2650 66.1884 0 (0 0 0) (0 0 0)
5.720000e+02	1 (0 0.673942 0.266937 0.0591209) (23.5 0.785131 1.49309) 364 22775 2 22775 0.0596811 5 5022 1 -1 1 7.5e-05 0 (0.420706 -0.0405255 0.0104998) 2650 66.0597 0 (0 0 0) (0 0 0)
5.720000e+02	1 (0 0.0148715 0.420736 0.564392) (23.5 0.839613 1.01651) 174 22830 1 22830 0.250846 5 4443 1 -1 1 7.5e-05 0 (0.343128 0.0252802 0.0186195) 2650 66.2508 0 (0 0 0) (0 0 0)
5.720000e+02	1 (0 0.895906 0.0349431 0.0691504) (23.5 0.803858 1.48266) 364 22775 1 22775 0.399747 5 5054 1 -1 1 7.5e-05 0 (0.420919 -0.0366733 0.0141789) 2650 66.3997 0 (0 0 0) (0 0 0)
5.720000e+02	1 (0 0.456613 0.0119003 0.531487) (23.5 0.809433 1.44566) 384 22773 2 22773 0.118345 5 5087 1 -1 1 7.5e-05 0 (0.423234 -0.0307544 0.0225178) 2650 66.1183 0 (0 0 0) (0 0 0)
5.720000e+02	1 (0 0.37729 0.34031 0.2824) (23.5 0.831506 1.45084) 384 22773 2 22773 0.604993 5 5086 1 -1 1 7.5e-05 0 (0.421167 -0.0272608 0.0222208) 2650 66.605 0 (0 0 0) (0 0 0)
5.720000e+02	1 (0 0.510155 0.093687 0.396158) (23.5 0.380374 1.03954) 158 22814 2 22814 0.690374 5 4383 1 -1 1 7.5e-05 0 (0.402318 0.070965 0.0133835) 2650 66.6904 0 (0 0 0) (0 0 0)
5.720000e+02	1 (0 0.837596 0.00635103 0.156053) (23.5 0.820047 1.20652) 411 22767 1 22767 0.113943 5 9814 1 -1 1 8.9e-06 0 (0.420354 0.0205739 0.0470027) 2650 61.1139 0 (0 0 0) (0 0 0)
5.720000e+02	1 (0 0.0890407 0.645103 0.265857) (23.5 0.802421 1.35826) 388 22764 1 22764 0.170589 5 10043 1 -1 1 8.9e-06 0 (0.424986 -0.0133208 0.0391711) 2650 61.1706 0 (0 0 0) (0 0 0)
5.720000e+02	1 (0 0.0602348 0.699206 0.240559) (23.5 0.787213 1.33532) 407 22758 2 22758 0.000458665 5 10169 1 -1 1 8.9e-06 0 (0.424551 -0.00832542 0.0398757) 2650 61.0005 0 (0 0 0) (0 0 0)
5.720000e+02	1 (0 0.124385 0.79334 0.0822749) (23.5 0.489999 1.13168) 427 22714 1 22714 0.0775601 5 9437 1 -1 1 8.9e-06 0 (0.419553 0.0482912 0.0200271) 2650 61.0776 0 (0 0 0) (0 0 0)
5.720000e+02	1 (0 0.0530511 0.65909 0.287859) (23.5 0.784315 1.19155) 431 22746 2 22746 0.00362417 5 11930 1 -1 1 4.3e-06 0 (0.420205 0.0251028 0.0435675) 2650 59.0036 0 (0 0 0) (0 0 0)
5.720000e+02	1 (0 0.22532 0.509036 0.265644) (23.5 0.380682 1.39399) 393 22735 2 22735 0.0613051 5 11407 1 -1 1 4.3e-06 0 (0.421018 -0.0433795 0.00341333) 2650 59.0613 0 (0 0 0) (0 0 0)
5.720000e+02	1 (0 0.312747 0.652554 0.0346985) (23.5 0.474854 1.12839) 427 22714 1 22714 0.312403 5 9469 1 -1 1 8.9e-06 0 (0.419405 0.0491006 0.0191124) 2650 61.3124 0 (0 0 0) (0 0 0)
5.720000e+02	1 (0 0.235117 0.501754 0.263129) (23.5 0.792059 1.21418) 412 22756 1 22756 0.0641199 5 11963 1 -1 1 4.3e-06 0 (0.421007 0.0197556 0.0444275) 2650 59.0641 0 (0 0 0) (0 0 0)
5.720000e+02	1 (0 0.0331449 0.552206 0.414649) (23.5 0.544399 1.12385) 439 22739 2 22739 0.277505 5 11612 1 -1 1 4.3e-06 0 (0.418755 0.0505719 0.0234406) 2650 59.2775 0 (0 0 0) (0 0 0)
5.720000e+02	1 (0 0.471559 0.194153 0.334288) (23.5 0.38213 1.36316) 393 22735 1 22735 0.142621 5 9331 1 -1 1 8.9e-06 0 (0.421747 -0.0319465 0.00419351) 2650 61.1426 0 (0 0 0) (0 0 0)
5.720000e+02	1 (0 0.365687 0.0241734 0.61014) (23.5 0.551103 1.23904) 415 22751 1 22751 0.0382405 5 9386 1 -1 1 8.9e-06 0 (0.423566 0.0150264 0.0225189) 2650 61.0382 0 (0 0 0) (0 0 0)
5.720000e+02	1 (0 0.239865 0.333177 0.426959) (23.5 0.366754 1.39297) 393 22735 2 22735 0.502316 5 11353 1 -1 1 4.3e-06 0 (0.420967 -0.0430615 0.00245189) 2650 59.5023 0 (0 0 0) (0 0 0)
5.720000e+02	1 (0 0.00575806 0.564279 0.429963) (23.5 0.464923 1.33932) 403 22730 2 22730 0.244514 5 11383 1 -1 1 4.3e-06 0 (0.422869 -0.0210407 0.0123918) 2650 59.2445 0 (0 0 0) (0 0 0)
5.720000e+02	1 (0 0.582104 0.30307 0.114826) (23.5 0.443909 1.36899) 392 22736 2 22736 0.435082 5 11436 1 -1 1 4.3e-06 0 (0.422089 -0.0328366 0.00910305) 2650 59.4351 0 (0 0 0) (0 0 0)
5.720000e+02	1 (0 0.169944 0.236287 0.593769) (23.5 0.928919 1.31009) 409 22770 1 22770 0.571 5 4729 1 -1 1 7.5e-05 0 (0.420826 -0.000325962 0.0468398) 2650 66.571 0 (0 0 0) (0 0 0)
5.720000e+02	1 (0 0.0295286 0.876273 0.0941981) (23.5 0.94037 1.26052) 197 22783 1 22783 0.760754 5 4696 1 -1 1 7.5e-05 0 (0.418553 0.00523833 0.048584) 2650 66.7608 0 (0 0 0) (0 0 0)
5.720000e+02	1 (0 0.225703 0.567494 0.206803) (23.5 0.949557 1.21164) 197 22783 2 22783 0.889521 5 4663 1 -1 1 7.5e-05 0 (0.415326 0.00895532 0.0462302) 2650 66.8895 0 (0 0 0) (0 0 0)
5.720000e+02	1 (0 0.00933796 0.135387 0.855275) (23.5 0.818151 1.33895) 408 22769 2 22769 0.577187 5 9978 1 -1 1 8.9e-06 0 (0.424781 -0.00806798 0.0426541) 2650 61.5772 0 (0 0 0) (0 0 0)
5.720000e+02	1 (0 0.105667 0.506718 0.387615) (23.5 0.801155 1.36677) 388 22764 1 22764 0.505982 5 10075 1 -1 1 8.9e-06 0 (0.42509 -0.0154216 0.03814) 2650 61.506 0 (0 0 0) (0 0 0)
5.720000e+02	1 (0 0.16394 0.514876 0.321185) (23.5 0.796963 1.36213) 388 22764 1 22764 0.379437 5 10107 1 -1 1 8.9e-06 0 (0.424995 -0.0144773 0.0382198) 2650 61.3794 0 (0 0 0) (0 0 0)
5.720000e+02	1 (0 0.523156 0.0111606 0.465683) (23.5 0.420444 1.1589) 427 22714 2 22714 0.727746 5 4647 1 -1 1 7.5e-05 0 (0.421087 0.0385075 0.00997033) 2650 66.7277 0 (0 0 0) (0 0 0)
5.720000e+02	1 (0 0.323198 0.376402 0.3004) (23.5 0.785317 1.14696) 431 22746 1 22746 0.957865 5 9622 1 -1 1 8.9e-06 0 (0.416774 0.0351283 0.0418876) 2650 61.9579 0 (0 0 0) (0 0 0)
5.720000e+02	1 (0 0.178308 0.110393 0.711299) (23.5 0.796267 1.24647) 412 22756 1 22756 0.551431 5 12060 1 -1 1 4.3e-06 0 (0.42207 0.0126047 0.0448222) 2650 59.5514 0 (0 0 0) (0 0 0)
5.720000e+02	1 (0 0.131361 0.0503546 0.818284) (23.5 0.799693 1.25418) 412 22756 1 22756 0.970368 5 12092 1 -1 1 4.3e-06 0 (0.422292 0.0107986 0.045162) 2650 59.9704 0 (0 0 0) (0 0 0)
5.720000e+02	1 (0 0.126223 0.624501 0.249277) (23.5 0.781995 1.25817) 412 22756 2 22756 0.46507 5 12188 1 -1 1 4.3e-06 0 (0.422516 0.0099238 0.0432724) 2650 59.4651 0 (0 0 0) (0 0 0)
5.720000e+02	1 (0 0.0453189 0.422875 0.531806) (23.5 0.767384 1.264) 412 22756 2 22756 0.419537 5 12220 1 -1 1 4.3e-06 0 (0.422744 0.00842904 0.0416822) 2650 59.4195 0 (0 0 0) (0 0 0)
5.720000e+02	1 (0 0.0969247 0.251731 0.651344) (23.5 0.52024 1.1197) 439 22739 2 22739 0.852629 5 11581 1 -1 1 4.3e-06 0 (0.418296 0.0518437 0.0220745) 2650 59.8526 0 (0 0 0) (0 0 0)
5.720000e+02	1 (0 0.0129553 0.0584473 0.928597) (23.5 0.345063 1.40886) 393 22735 2 22735 0.966707 5 11384 1 -1 1 4.3e-06 0 (0.420494 -0.0489334 0.00075542) 2650 59.9667 0 (0 0 0) (0 0 0)
5.720000e+02	1 (0 0.334312 0.359015 0.306674) (23.5 0.314783 1.43011) 377 22734 1 22734 0.84121 5 11408 1 -1 1 4.3e-06 0 (0.419995 -0.0542271 -0.00191905) 2650 59.8412 0 (0 0 0) (0 0 0)
5.720000e+02	1 (0 0.38052 0.0160299 0.60345) (23.5 0.389383 1.382) 393 22735 1 22735 0.834525 5 11322 1 -1 1 4.3e-06 0 (0.421336 -0.0389619 0.00418939) 2650 59.8345 0 (0 0 0) (0 0 0)
5.720000e+02	1 (0 0.619243 0.222886 0.157871) (23.5 0.517942 1.2948) 404 22753 2 22753 0.720804 5 11382 1 -1 1 4.3e-06 0 (0.423737 -0.00387595 0.0182312) 2650 59.7208 0 (0 0 0) (0 0 0)
5.720000e+02	1 (0 0.629522 0.313479 0.0569986) (23.5 0.52983 1.19911) 415 22751 1 22751 0.965134 5 9327 1 -1 1 8.9e-06 0 (0.42302 0.027203 0.0216659) 2650 61.9651 0 (0 0 0) (0 0 0)
5.720000e+02	1 (0 0.407583 0.0627172 0.5297) (23.5 0.505048 1.31016) 404 22753 2 22753 0.566501 5 11379 1 -1 1 4.3e-06 0 (0.423479 -0.00968363 0.0166863) 2650 59.5665 0 (0 0 0) (0 0 0)
5.720000e+02	1 (0 0.472263 0.133235 0.394502) (23.5 0.510725 1.30546) 404 22753 2 22753 0.625682 5 11378 1 -1 1 4.3e-06 0 (0.423566 -0.00784975 0.01729) 2650 59.6257 0 (0 0 0) (0 0 0)
5.730000e+02	1 (0 0.484034 0.384109 0.131857) (23.5 0.726455 1.00801) 168 22824 1 22824 0.0166799 5 4413 1 -1 1 7.5e-05 0 (0.276539 0.0417584 0.0131039) 2650 67.0167 0 (0 0 0) (0 0 0)
5.730000e+02	1 (0 0.12002 0.0374713 0.842509) (23.5 0.883532 1.47812) 362 22790 2 22790 0.159792 5 4861 1 -1 1 7.5e-05 0 (0.412052 -0.0212494 0.0176012) 2650 67.1598 0 (0 0 0) (0 0 0)
5.730000e+02	1 (0 0.450181 0.433783 0.116036) (23.5 0.91084 1.41671) 385 22774 1 22774 0.276476 5 4795 1 -1 1 7.5e-05 0 (0.414884 -0.0149661 0.0331203) 2650 67.2765 0 (0 0 0) (0 0 0)
5.730000e+02	1 (0 0.640709 0.328997 0.0302941) (23.5 0.954942 1.17063) 192 22853 2 22853 0.217305 5 4567 1 -1 1 7.5e-05 0 (0.410813 0.0109799 0.0423856) 2650 67.2173 0 (0 0 0) (0 0 0)
5.730000e+02	1 (0 0.132046 0.610955 0.256998) (23.5 0.867103 1.42633) 384 22773 1 22773 0.494171 5 5085 1 -1 1 7.5e-05 0 (0.420871 -0.0207744 0.0302388) 2650 67.4942 0 (0 0 0) (0 0 0)
5.730000e+02	1 (0 0.129936 0.21261 0.657454) (23.5 0.350012 1.04236) 158 22814 2 22814 0.057886 5 4287 1 -1 1 7.5e-05 0 (0.404098 0.0669435 0.011896) 2650 67.0579 0 (0 0 0) (0 0 0)
5.730000e+02	1 (0 0.045681 0.240241 0.714078) (23.5 0.343284 1.04302) 158 22814 2 22814 0.110912 5 4319 1 -1 1 7.5e-05 0 (0.404399 0.0663187 0.011574) 2650 67.1109 0 (0 0 0) (0 0 0)
5.730000e+02	1 (0 0.189267 0.0208775 0.789856) (23.5 0.35463 1.03781) 158 22814 2 22814 0.411781 5 4351 1 -1 1 7.5e-05 0 (0.402229 0.0685332 0.0126814) 2650 67.4118 0 (0 0 0) (0 0 0)
5.730000e+02	1 (0 0.0733076 0.500252 0.42644) (23.5 0.803825 1.22597) 412 22756 1 22756 0.0827412 5 11995 1 -1 1 4.3e-06 0 (0.421581 0.0166634 0.0451931) 2650 60.0827 0 (0 0 0) (0 0 0)
5.730000e+02	1 (0 0.0507914 0.907079 0.0421292) (23.5 0.333307 1.40621) 394 22732 2 22732 0.0741492 5 9359 1 -1 1 8.9e-06 0 (0.420724 -0.0470192 -0.000478866) 2650 62.0741 0 (0 0 0) (0 0 0)
5.730000e+02	1 (0 0.106638 0.82369 0.0696722) (23.5 0.796446 1.25959) 412 22756 2 22756 0.10725 5 12156 1 -1 1 4.3e-06 0 (0.422674 0.00949425 0.0443529) 2650 60.1073 0 (0 0 0) (0 0 0)
5.730000e+02	1 (0 0.350101 0.00164461 0.648254) (23.5 0.659812 1.10327) 437 22743 2 22743 0.376489 5 11670 1 -1 1 4.3e-06 0 (0.415705 0.0524404 0.0296288) 2650 60.3765 0 (0 0 0) (0 0 0)
5.730000e+02	1 (0 0.20217 0.219748 0.578082) (23.5 0.437266 1.11286) 440 22712 2 22712 0.500539 5 9374 1 -1 1 8.9e-06 0 (0.418915 0.0515288 0.0169407) 2650 62.5005 0 (0 0 0) (0 0 0)
5.730000e+02	1 (0 0.340799 0.428186 0.231015) (23.5 0.784477 1.28399) 407 22758 1 22758 0.0806508 5 10201 1 -1 1 8.9e-06 0 (0.423354 0.00381197 0.0419588) 2650 62.0807 0 (0 0 0) (0 0 0)
5.730000e+02	1 (0 0.0976607 0.880261 0.0220784) (23.5 0.800551 1.26024) 412 22756 2 22756 0.199918 5 12124 1 -1 1 4.3e-06 0 (0.422642 0.00933127 0.0448032) 2650 60.1999 0 (0 0 0) (0 0 0)
5.730000e+02	1 (0 0.120347 0.00108538 0.878567) (23.5 0.500087 1.11818) 439 22739 2 22739 0.259906 5 11549 1 -1 1 4.3e-06 0 (0.419531 0.0511981 0.0204953) 2650 60.2599 0 (0 0 0) (0 0 0)
5.730000e+02	1 (0 0.158356 0.640355 0.201289) (23.5 0.783139 1.25585) 412 22756 2 22756 0.210949 5 12219 1 -1 1 4.3e-06 0 (0.422742 0.010438 0.0429037) 2650 60.2109 0 (0 0 0) (0 0 0)
5.730000e+02	1 (0 0.25175 0.494502 0.253749) (23.5 0.399557 1.35751) 393 22735 1 22735 0.293546 5 9273 1 -1 1 8.9e-06 0 (0.42268 -0.0289036 0.00572211) 2650 62.2935 0 (0 0 0) (0 0 0)
5.730000e+02	1 (0 0.144973 0.397532 0.457495) (23.5 0.532005 1.185) 428 22741 2 22741 0.266759 5 9356 1 -1 1 8.9e-06 0 (0.423793 0.0309209 0.0214222) 2650 62.2668 0 (0 0 0) (0 0 0)
5.730000e+02	1 (0 0.347073 0.355361 0.297567) (23.5 0.291068 1.45309) 377 22734 2 22734 0.69784 5 9449 1 -1 1 8.9e-06 0 (0.419421 -0.0588184 -0.00323422) 2650 62.6978 0 (0 0 0) (0 0 0)
5.730000e+02	1 (0 0.462122 0.443757 0.0941202) (23.5 0.535752 1.23382) 415 22751 2 22751 0.218127 5 9271 1 -1 1 8.9e-06 0 (0.424794 0.016075 0.0207563) 2650 62.2181 0 (0 0 0) (0 0 0)
5.730000e+02	1 (0 0.168285 0.724992 0.106723) (23.5 0.55841 1.25503) 415 22751 2 22751 0.049373 5 9511 1 -1 1 8.9e-06 0 (0.424951 0.00980882 0.0219608) 2650 62.0494 0 (0 0 0) (0 0 0)
5.730000e+02	1 (0 0.329198 0.233531 0.437271) (23.5 0.315144 1.43878) 377 22734 1 22734 0.473631 5 11437 1 -1 1 4.3e-06 0 (0.419715 -0.0559766 -0.00201013) 2650 60.4736 0 (0 0 0) (0 0 0)
5.730000e+02	1 (0 0.013899 0.4956 0.490501) (23.5 0.539929 1.26617) 415 22751 2 22751 0.108031 5 11380 1 -1 1 4.3e-06 0 (0.425125 0.00602888 0.0203091) 2650 60.108 0 (0 0 0) (0 0 0)
5.730000e+02	1 (0 0.0907903 0.530922 0.378288) (23.5 0.542774 1.26062) 415 22751 2 22751 0.180375 5 11381 1 -1 1 4.3e-06 0 (0.425057 0.00780939 0.0206694) 2650 60.1804 0 (0 0 0) (0 0 0)
5.730000e+02	1 (0 0.582649 0.167414 0.249937) (23.5 0.533608 1.28531) 404 22753 1 22753 0.0406966 5 11406 1 -1 1 4.3e-06 0 (0.424903 -0.000279406 0.0190975) 2650 60.0407 0 (0 0 0) (0 0 0)
5.730000e+02	1 (0 0.40002 0.580878 0.0191024) (23.5 0.308231 1.44958) 377 22734 2 22734 0.506828 5 11467 1 -1 1 4.3e-06 0 (0.419382 -0.0588351 -0.0025841) 2650 60.5068 0 (0 0 0) (0 0 0)
5.730000e+02	1 (0 0.0922133 0.438058 0.469728) (23.5 0.535293 1.26052) 415 22751 2 22751 0.396379 5 9239 1 -1 1 8.9e-06 0 (0.425079 0.00772158 0.0200416) 2650 62.3964 0 (0 0 0) (0 0 0)
5.730000e+02	1 (0 0.0275795 0.952574 0.0198461) (23.5 0.49618 1.33773) 403 22730 2 22730 0.33868 5 11466 1 -1 1 4.3e-06 0 (0.423844 -0.0192087 0.0143716) 2650 60.3387 0 (0 0 0) (0 0 0)
5.730000e+02	1 (0 0.370564 0.48534 0.144096) (23.5 0.390275 1.41932) 378 22737 1 22737 0.475294 5 11497 1 -1 1 4.3e-06 0 (0.420464 -0.0512658 0.00325182) 2650 60.4753 0 (0 0 0) (0 0 0)
5.730000e+02	1 (0 0.473839 0.117521 0.40864) (23.5 0.429006 1.37658) 392 22736 2 22736 0.446312 5 11290 1 -1 1 4.3e-06 0 (0.42219 -0.0355203 0.00749246) 2650 60.4463 0 (0 0 0) (0 0 0)
5.730000e+02	1 (0 0.371002 0.279343 0.349656) (23.5 0.390109 1.36423) 393 22735 1 22735 0.353525 5 9305 1 -1 1 8.9e-06 0 (0.422376 -0.0315675 0.00460172) 2650 62.3535 0 (0 0 0) (0 0 0)
5.730000e+02	1 (0 0.0433083 0.18226 0.774431) (23.5 0.940668 1.28356) 198 22780 1 22780 0.791058 5 4761 1 -1 1 7.5e-05 0 (0.417881 0.00268304 0.048688) 2650 67.7911 0 (0 0 0) (0 0 0)
5.730000e+02	1 (0 0.498112 0.362852 0.139035) (23.5 0.833626 1.30352) 408 22769 2 22769 0.359273 5 9912 1 -1 1 8.9e-06 0 (0.423391 0.00042671 0.0458928) 2650 62.3593 0 (0 0 0) (0 0 0)
5.730000e+02	1 (0 0.013865 0.286621 0.699514) (23.5 0.828361 1.33858) 408 22769 2 22769 0.389616 5 9945 1 -1 1 8.9e-06 0 (0.424212 -0.00756922 0.0433686) 2650 62.3896 0 (0 0 0) (0 0 0)
5.730000e+02	1 (0 0.692234 0.195749 0.112017) (23.5 0.82208 1.3611) 387 22771 2 22771 0.396865 5 10010 1 -1 1 8.9e-06 0 (0.424076 -0.012466 0.040302) 2650 62.3969 0 (0 0 0) (0 0 0)
5.730000e+02	1 (0 0.594702 0.217917 0.187381) (23.5 0.836563 1.28081) 408 22769 1 22769 0.69307 5 9879 1 -1 1 8.9e-06 0 (0.422596 0.00486285 0.0474006) 2650 62.6931 0 (0 0 0) (0 0 0)
5.730000e+02	1 (0 0.496904 0.185641 0.317455) (23.5 0.8213 1.37476) 387 22771 2 22771 0.725079 5 10042 1 -1 1 8.9e-06 0 (0.424181 -0.0158473 0.0388069) 2650 62.7251 0 (0 0 0) (0 0 0)
5.730000e+02	1 (0 0.357541 0.154535 0.487924) (23.5 0.81913 1.38451) 387 22771 2 22771 0.978608 5 10074 1 -1 1 8.9e-06 0 (0.424304 -0.0184195 0.0376058) 2650 62.9786 0 (0 0 0) (0 0 0)
5.730000e+02	1 (0 0.497103 0.0277335 0.475164) (23.5 0.810633 1.37481) 387 22771 2 22771 0.653753 5 10138 1 -1 1 8.9e-06 0 (0.424499 -0.0168992 0.0379198) 2650 62.6538 0 (0 0 0) (0 0 0)
5.730000e+02	1 (0 0.426832 0.10044 0.472729) (23.5 0.777889 1.15882) 431 22746 1 22746 0.420795 5 11896 1 -1 1 4.3e-06 0 (0.418647 0.0332053 0.0414993) 2650 60.4208 0 (0 0 0) (0 0 0)
5.730000e+02	1 (0 0.920242 0.0461698 0.0335881) (23.5 0.346714 1.12834) 426 22713 1 22713 0.917356 5 4615 1 -1 1 7.5e-05 0 (0.42048 0.0441948 0.00499089) 2650 67.9174 0 (0 0 0) (0 0 0)
5.730000e+02	1 (0 0.153105 0.775257 0.0716381) (23.5 0.407338 1.20017) 417 22727 1 22727 0.722779 5 4679 1 -1 1 7.5e-05 0 (0.424308 0.0241855 0.00693618) 2650 67.7228 0 (0 0 0) (0 0 0)
5.730000e+02	1 (0 0.365089 0.101693 0.533218) (23.5 0.427775 1.10228) 440 22712 2 22712 0.871182 5 9500 1 -1 1 8.9e-06 0 (0.417512 0.0542142 0.0167624) 2650 62.8712 0 (0 0 0) (0 0 0)
5.730000e+02	1 (0 0.00460325 0.0975485 0.897848) (23.5 0.743212 1.12581) 436 22744 2 22744 0.91099 5 11830 1 -1 1 4.3e-06 0 (0.417086 0.0429002 0.0370892) 2650 60.911 0 (0 0 0) (0 0 0)
5.730000e+02	1 (0 0.620705 0.159273 0.220022) (23.5 0.763727 1.14135) 431 22746 1 22746 0.728007 5 11863 1 -1 1 4.3e-06 0 (0.417698 0.0379882 0.0395134) 2650 60.728 0 (0 0 0) (0 0 0)
5.730000e+02	1 (0 0.106549 0.866307 0.0271433) (23.5 0.79932 1.18789) 431 22746 2 22746 0.67246 5 11929 1 -1 1 4.3e-06 0 (0.420271 0.0253333 0.0445833) 2650 60.6725 0 (0 0 0) (0 0 0)
5.730000e+02	1 (0 0.617472 0.0517292 0.330799) (23.5 0.812623 1.22282) 411 22767 2 22767 0.93167 5 11962 1 -1 1 4.3e-06 0 (0.421306 0.0171039 0.0460677) 2650 60.9317 0 (0 0 0) (0 0 0)
5.730000e+02	1 (0 0.344655 0.0665808 0.588764) (23.5 0.813679 1.24247) 411 22767 2 22767 0.863532 5 12027 1 -1 1 4.3e-06 0 (0.421862 0.0128512 0.0461421) 2650 60.8635 0 (0 0 0) (0 0 0)
5.730000e+02	1 (0 0.291998 0.209569 0.498433) (23.5 0.556924 1.09342) 439 22739 1 22739 0.854754 5 11607 1 -1 1 4.3e-06 0 (0.415827 0.0576678 0.0238252) 2650 60.8548 0 (0 0 0) (0 0 0)
5.730000e+02	1 (0 0.413746 0.389928 0.196326) (23.5 0.531351 1.09912) 439 22739 2 22739 0.554855 5 11608 1 -1 1 4.3e-06 0 (0.416768 0.0563047 0.0225687) 2650 60.5549 0 (0 0 0) (0 0 0)
5.730000e+02	1 (0 0.052054 0.941428 0.00651842) (23.5 0.804996 1.26353) 412 22756 2 22756 0.976688 5 12187 1 -1 1 4.3e-06 0 (0.422664 0.00849562 0.0452738) 2650 60.9767 0 (0 0 0) (0 0 0)
5.730000e+02	1 (0 0.198336 0.023445 0.778219) (23.5 0.484054 1.11159) 440 22712 1 22712 0.903474 5 11485 1 -1 1 4.3e-06 0 (0.418698 0.0526755 0.019909) 2650 60.9035 0 (0 0 0) (0 0 0)
5.730000e+02	1 (0 0.21527 0.754196 0.0305334) (23.5 0.480238 1.11201) 440 22712 2 22712 0.851724 5 11517 1 -1 1 4.3e-06 0 (0.418765 0.0524909 0.0196928) 2650 60.8517 0 (0 0 0) (0 0 0)
5.730000e+02	1 (0 0.21719 0.00443024 0.77838) (23.5 0.563068 1.25118) 415 22751 1 22751 0.53131 5 9543 1 -1 1 8.9e-06 0 (0.424896 0.0110832 0.0224148) 2650 62.5313 0 (0 0 0) (0 0 0)
5.730000e+02	1 (0 0.103429 0.36772 0.528852) (23.5 0.491674 1.37676) 392 22736 1 22736 0.589866 5 10238 1 -1 1 8.9e-06 0 (0.422546 -0.0339067 0.0118106) 2650 62.5899 0 (0 0 0) (0 0 0)
5.730000e+02	1 (0 0.424706 0.0721941 0.5031) (23.5 0.546346 1.23131) 415 22751 1 22751 0.887798 5 9238 1 -1 1 8.9e-06 0 (0.424729 0.0169686 0.0215945) 2650 62.8878 0 (0 0 0) (0 0 0)
5.730000e+02	1 (0 0.284463 0.550626 0.164911) (23.5 0.544362 1.24665) 415 22751 2 22751 0.897957 5 9240 1 -1 1 8.9e-06 0 (0.424904 0.0122047 0.0210928) 2650 62.898 0 (0 0 0) (0 0 0)
5.740000e+02	1 (0 0.163612 0.635376 0.201012) (23.5 0.929195 1.35332) 386 22772 1 22772 0.0305495 5 4794 1 -1 1 7.5e-05 0 (0.417879 -0.00612634 0.0441516) 2650 68.0305 0 (0 0 0) (0 0 0)
5.740000e+02	1 (0 0.318185 0.133824 0.547991) (23.5 0.919213 1.44557) 385 22774 1 22774 0.554965 5 4828 1 -1 1 7.5e-05 0 (0.405916 -0.0136168 0.0248726) 2650 68.555 0 (0 0 0) (0 0 0)
5.740000e+02	1 (0 0.0745699 0.55656 0.36887) (23.5 0.911229 1.47073) 385 22774 2 22774 0.575862 5 4893 1 -1 1 7.5e-05 0 (0.403847 -0.0160351 0.0185905) 2650 68.5759 0 (0 0 0) (0 0 0)
5.740000e+02	1 (0 0.790517 0.166839 0.0426436) (23.5 0.862412 1.48645) 363 22777 2 22777 0.20424 5 5053 1 -1 1 7.5e-05 0 (0.412753 -0.0262669 0.0148758) 2650 68.2042 0 (0 0 0) (0 0 0)
5.740000e+02	1 (0 0.248859 0.455235 0.295905) (23.5 0.952142 1.21325) 197 22783 2 22783 0.185967 5 4728 1 -1 1 7.5e-05 0 (0.412425 0.00841166 0.0472932) 2650 68.186 0 (0 0 0) (0 0 0)
5.740000e+02	1 (0 0.198108 0.50885 0.293043) (23.5 0.317182 1.03324) 154 22810 1 22810 0.698473 5 4159 1 -1 1 7.5e-05 0 (0.396531 0.0634475 0.0115076) 2650 68.6985 0 (0 0 0) (0 0 0)
5.740000e+02	1 (0 0.339185 0.133815 0.527) (23.5 0.817721 1.38581) 387 22771 2 22771 0.0974728 5 10106 1 -1 1 8.9e-06 0 (0.423613 -0.018958 0.0370434) 2650 63.0975 0 (0 0 0) (0 0 0)
5.740000e+02	1 (0 0.128675 0.121792 0.749534) (23.5 0.409375 1.10973) 441 22711 1 22711 0.15485 5 9309 1 -1 1 8.9e-06 0 (0.419553 0.0498012 0.0151407) 2650 63.1548 0 (0 0 0) (0 0 0)
5.740000e+02	1 (0 0.401425 0.110953 0.487622) (23.5 0.387706 1.09272) 441 22711 1 22711 0.159439 5 4806 1 -1 1 7.5e-05 0 (0.417029 0.0532209 0.0101212) 2650 68.1594 0 (0 0 0) (0 0 0)
5.740000e+02	1 (0 0.428193 0.493456 0.0783517) (23.5 0.379394 1.37979) 393 22735 2 22735 0.154989 5 9336 1 -1 1 8.9e-06 0 (0.422287 -0.0367161 0.00285142) 2650 63.155 0 (0 0 0) (0 0 0)
5.740000e+02	1 (0 0.48458 0.397724 0.117697) (23.5 0.541503 1.2035) 415 22751 1 22751 0.312283 5 9270 1 -1 1 8.9e-06 0 (0.425764 0.024501 0.0209505) 2650 63.3123 0 (0 0 0) (0 0 0)
5.740000e+02	1 (0 0.28486 0.704644 0.010496) (23.5 0.557577 1.19576) 415 22751 1 22751 0.399864 5 11377 1 -1 1 4.3e-06 0 (0.425618 0.0268775 0.02225) 2650 61.3999 0 (0 0 0) (0 0 0)
5.740000e+02	1 (0 0.324467 0.537491 0.138042) (23.5 0.543304 1.24376) 415 22751 2 22751 0.121187 5 9237 1 -1 1 8.9e-06 0 (0.426117 0.0126105 0.0202496) 2650 63.1212 0 (0 0 0) (0 0 0)
5.740000e+02	1 (0 0.166796 0.243837 0.589368) (23.5 0.406335 1.38101) 393 22735 1 22735 0.171377 5 9244 1 -1 1 8.9e-06 0 (0.422371 -0.0369009 0.00506934) 2650 63.1714 0 (0 0 0) (0 0 0)
5.740000e+02	1 (0 0.183744 0.116022 0.700234) (23.5 0.565757 1.24554) 415 22751 1 22751 0.0547953 5 9575 1 -1 1 8.9e-06 0 (0.426033 0.0123343 0.0218339) 2650 63.0548 0 (0 0 0) (0 0 0)
5.740000e+02	1 (0 0.433247 0.194261 0.372493) (23.5 0.43518 1.37942) 392 22736 2 22736 0.0793624 5 11291 1 -1 1 4.3e-06 0 (0.422603 -0.0357554 0.0073032) 2650 61.0794 0 (0 0 0) (0 0 0)
5.740000e+02	1 (0 0.208835 0.0138427 0.777323) (23.5 0.35676 1.47701) 369 22855 2 22855 0.0503976 5 12287 1 -1 1 4.3e-06 0 (0.418057 -0.0671416 0.00041029) 2650 61.0504 0 (0 0 0) (0 0 0)
5.740000e+02	1 (0 0.417801 0.394219 0.18798) (23.5 0.949276 1.25376) 197 22783 1 22783 0.901391 5 4793 1 -1 1 7.5e-05 0 (0.413794 0.005246 0.0492256) 2650 68.9014 0 (0 0 0) (0 0 0)
5.740000e+02	1 (0 0.230393 0.239689 0.529918) (23.5 0.956941 1.14269) 192 22853 2 22853 0.854346 5 4695 1 -1 1 7.5e-05 0 (0.407246 0.0118153 0.0382291) 2650 68.8543 0 (0 0 0) (0 0 0)
5.740000e+02	1 (0 0.209031 0.282962 0.508007) (23.5 0.894053 1.39448) 386 22772 2 22772 0.842562 5 5084 1 -1 1 7.5e-05 0 (0.418739 -0.0142993 0.0371556) 2650 68.8426 0 (0 0 0) (0 0 0)
5.740000e+02	1 (0 0.585679 0.0550824 0.359239) (23.5 0.836818 1.36462) 387 22771 1 22771 0.498302 5 9977 1 -1 1 8.9e-06 0 (0.423092 -0.0121752 0.0409489) 2650 63.4983 0 (0 0 0) (0 0 0)
5.740000e+02	1 (0 0.509303 0.0533164 0.437381) (23.5 0.880003 1.23079) 410 22768 2 22768 0.638181 5 5119 1 -1 1 7.5e-05 0 (0.419195 0.0125182 0.0467468) 2650 68.6382 0 (0 0 0) (0 0 0)
5.740000e+02	1 (0 0.598202 0.162583 0.239215) (23.5 0.819793 1.36769) 387 22771 2 22771 0.536978 5 10168 1 -1 1 8.9e-06 0 (0.423578 -0.0143574 0.0390851) 2650 63.537 0 (0 0 0) (0 0 0)
5.740000e+02	1 (0 0.340045 0.046274 0.613681) (23.5 0.392582 1.10091) 441 22711 1 22711 0.64111 5 9405 1 -1 1 8.9e-06 0 (0.418199 0.0512521 0.0146401) 2650 63.6411 0 (0 0 0) (0 0 0)
5.740000e+02	1 (0 0.194662 0.1094 0.695939) (23.5 0.34888 1.18159) 426 22713 2 22713 0.959639 5 4551 1 -1 1 7.5e-05 0 (0.424286 0.0270134 0.00215471) 2650 68.9596 0 (0 0 0) (0 0 0)
5.740000e+02	1 (0 0.0581186 0.16922 0.772661) (23.5 0.820662 1.26311) 411 22767 2 22767 0.706836 5 12059 1 -1 1 4.3e-06 0 (0.422401 0.00817346 0.0463096) 2650 61.7068 0 (0 0 0) (0 0 0)
5.740000e+02	1 (0 0.878492 0.0965383 0.0249699) (23.5 0.815741 1.27606) 408 22769 2 22769 0.68199 5 12155 1 -1 1 4.3e-06 0 (0.422929 0.00570241 0.0453589) 2650 61.682 0 (0 0 0) (0 0 0)
5.740000e+02	1 (0 0.308678 0.210324 0.480998) (23.5 0.475183 1.09228) 440 22712 1 22712 0.577132 5 11611 1 -1 1 4.3e-06 0 (0.417226 0.0561308 0.0194408) 2650 61.5771 0 (0 0 0) (0 0 0)
5.740000e+02	1 (0 0.0545047 0.920528 0.0249671) (23.5 0.805294 1.26909) 407 22758 1 22758 0.808651 5 12218 1 -1 1 4.3e-06 0 (0.422974 0.00698065 0.0446411) 2650 61.8087 0 (0 0 0) (0 0 0)
5.740000e+02	1 (0 0.576784 0.373991 0.0492249) (23.5 0.763744 1.22564) 412 22756 2 22756 0.411431 5 12251 1 -1 1 4.3e-06 0 (0.422936 0.0177856 0.0402635) 2650 61.4114 0 (0 0 0) (0 0 0)
5.740000e+02	1 (0 0.250757 0.0898606 0.659382) (23.5 0.507225 1.10971) 439 22739 2 22739 0.764402 5 11327 1 -1 1 4.3e-06 0 (0.41963 0.051971 0.0205478) 2650 61.7644 0 (0 0 0) (0 0 0)
5.740000e+02	1 (0 0.603445 0.108412 0.288144) (23.5 0.744476 1.22371) 412 22756 2 22756 0.449486 5 12252 1 -1 1 4.3e-06 0 (0.423238 0.0182409 0.0380612) 2650 61.4495 0 (0 0 0) (0 0 0)
5.740000e+02	1 (0 0.0223953 0.623349 0.354256) (23.5 0.550186 1.19345) 428 22741 2 22741 0.570407 5 11352 1 -1 1 4.3e-06 0 (0.425558 0.0275165 0.0217917) 2650 61.5704 0 (0 0 0) (0 0 0)
5.750000e+02	1 (0 0.362444 0.127071 0.510486) (23.5 0.89897 1.48387) 362 22790 2 22790 0.169231 5 5021 1 -1 1 7.5e-05 0 (0.403798 -0.0188265 0.0149973) 2650 69.1692 0 (0 0 0) (0 0 0)
5.750000e+02	1 (0 0.402718 0.169009 0.428273) (23.5 0.766948 1.00178) 173 22827 2 22827 0.968937 5 4381 1 -1 1 7.5e-05 0 (0.216754 0.0279348 0.00913097) 2650 69.9689 0 (0 0 0) (0 0 0)
5.750000e+02	1 (0 0.107213 0.119838 0.772949) (23.5 0.932566 1.46053) 385 22774 1 22774 0.887073 5 4925 1 -1 1 7.5e-05 0 (0.398474 -0.0121179 0.0207753) 2650 69.8871 0 (0 0 0) (0 0 0)
5.750000e+02	1 (0 0.0573095 0.198509 0.744181) (23.5 0.935753 1.39101) 386 22772 1 22772 0.405484 5 4827 1 -1 1 7.5e-05 0 (0.411414 -0.0103207 0.0389308) 2650 69.4055 0 (0 0 0) (0 0 0)
5.750000e+02	1 (0 0.597873 0.206446 0.195681) (23.5 0.957766 1.1677) 192 22853 2 22853 0.48673 5 4760 1 -1 1 7.5e-05 0 (0.407491 0.0103541 0.0426072) 2650 69.4867 0 (0 0 0) (0 0 0)
5.750000e+02	1 (0 0.44458 0.341517 0.213903) (23.5 0.9112 1.42326) 385 22774 1 22774 0.808296 5 5083 1 -1 1 7.5e-05 0 (0.410851 -0.0150836 0.0315783) 2650 69.8083 0 (0 0 0) (0 0 0)
5.750000e+02	1 (0 0.223193 0.207519 0.569288) (23.5 0.890406 1.04259) 177 22847 2 22847 0.658302 5 4412 1 -1 1 7.5e-05 0 (0.377173 0.0238989 0.0252545) 2650 69.6583 0 (0 0 0) (0 0 0)
5.750000e+02	1 (0 0.411243 0.331414 0.257343) (23.5 0.848639 1.35747) 387 22771 1 22771 0.355287 5 9944 1 -1 1 8.9e-06 0 (0.422471 -0.0104798 0.0426652) 2650 64.3553 0 (0 0 0) (0 0 0)
5.750000e+02	1 (0 0.585889 0.333869 0.0802424) (23.5 0.295533 1.1316) 425 22710 1 22710 0.0730357 5 4583 1 -1 1 7.5e-05 0 (0.421586 0.0368584 0.000214948) 2650 69.073 0 (0 0 0) (0 0 0)
5.750000e+02	1 (0 0.398705 0.127325 0.473971) (23.5 0.705706 1.09188) 437 22743 1 22743 0.188162 5 9527 1 -1 1 8.9e-06 0 (0.414916 0.0512803 0.031725) 2650 64.1882 0 (0 0 0) (0 0 0)
5.750000e+02	1 (0 0.801617 0.0736625 0.12472) (23.5 0.822614 1.27629) 408 22769 1 22769 0.0295331 5 12091 1 -1 1 4.3e-06 0 (0.422864 0.00543866 0.0454674) 2650 62.0295 0 (0 0 0) (0 0 0)
5.750000e+02	1 (0 0.769707 0.211806 0.0184865) (23.5 0.823496 1.2839) 408 22769 2 22769 0.200724 5 12123 1 -1 1 4.3e-06 0 (0.423015 0.00404593 0.0451543) 2650 62.2007 0 (0 0 0) (0 0 0)
5.750000e+02	1 (0 0.482399 0.309632 0.207969) (23.5 0.364802 1.09467) 441 22711 2 22711 0.524558 5 9341 1 -1 1 8.9e-06 0 (0.417855 0.0494444 0.0129824) 2650 64.5246 0 (0 0 0) (0 0 0)
5.750000e+02	1 (0 0.266629 0.445812 0.28756) (23.5 0.39845 1.14585) 426 22713 1 22713 0.228434 5 4231 1 -1 1 7.5e-05 0 (0.423895 0.0374459 0.00772211) 2650 69.2284 0 (0 0 0) (0 0 0)
5.750000e+02	1 (0 0.450806 0.214237 0.334957) (23.5 0.463754 1.14911) 427 22714 1 22714 0.345018 5 9303 1 -1 1 8.9e-06 0 (0.424486 0.038165 0.0165292) 2650 64.345 0 (0 0 0) (0 0 0)
5.750000e+02	1 (0 0.579941 0.17735 0.242709) (23.5 0.453371 1.14275) 427 22714 1 22714 0.257623 5 9326 1 -1 1 8.9e-06 0 (0.424088 0.0397978 0.0160996) 2650 64.2576 0 (0 0 0) (0 0 0)
5.750000e+02	1 (0 0.289284 0.568806 0.141911) (23.5 0.476741 1.13579) 427 22714 1 22714 0.405457 5 9416 1 -1 1 8.9e-06 0 (0.423778 0.0423142 0.0176053) 2650 64.4055 0 (0 0 0) (0 0 0)
5.750000e+02	1 (0 0.39847 0.186777 0.414753) (23.5 0.387995 1.15463) 426 22713 1 22713 0.556636 5 4293 1 -1 1 7.5e-05 0 (0.424271 0.0345092 0.00663851) 2650 69.5566 0 (0 0 0) (0 0 0)
5.750000e+02	1 (0 0.266886 0.329905 0.403209) (23.5 0.398417 1.15383) 426 22713 1 22713 0.556345 5 4389 1 -1 1 7.5e-05 0 (0.424349 0.0351464 0.00739256) 2650 69.5563 0 (0 0 0) (0 0 0)
5.750000e+02	1 (0 0.0489212 0.920584 0.0304945) (23.5 0.576573 1.1972) 415 22751 1 22751 0.245821 5 9607 1 -1 1 8.9e-06 0 (0.426878 0.0255537 0.0225268) 2650 64.2458 0 (0 0 0) (0 0 0)
5.750000e+02	1 (0 0.338111 0.119749 0.54214) (23.5 0.947421 1.30045) 198 22780 1 22780 0.708848 5 4826 1 -1 1 7.5e-05 0 (0.413268 0.000887554 0.0486819) 2650 69.7088 0 (0 0 0) (0 0 0)
5.750000e+02	1 (0 0.328107 0.584917 0.0869761) (23.5 0.84819 1.3864) 387 22771 2 22771 0.506039 5 10009 1 -1 1 8.9e-06 0 (0.421814 -0.0162639 0.0394097) 2650 64.506 0 (0 0 0) (0 0 0)
5.750000e+02	1 (0 0.0260131 0.59959 0.374397) (23.5 0.849031 1.40752) 387 22771 2 22771 0.923165 5 10073 1 -1 1 8.9e-06 0 (0.421563 -0.0213073 0.0373736) 2650 64.9232 0 (0 0 0) (0 0 0)
5.750000e+02	1 (0 0.418562 0.259396 0.322042) (23.5 0.848419 1.29052) 408 22769 1 22769 0.470361 5 9846 1 -1 1 8.9e-06 0 (0.422169 0.00275224 0.047357) 2650 64.4704 0 (0 0 0) (0 0 0)
5.750000e+02	1 (0 0.15956 0.262975 0.577465) (23.5 0.826968 1.25581) 411 22767 2 22767 0.334041 5 11994 1 -1 1 4.3e-06 0 (0.422194 0.00941308 0.0464163) 2650 62.334 0 (0 0 0) (0 0 0)
5.750000e+02	1 (0 0.126865 0.651679 0.221457) (23.5 0.8526 1.40045) 387 22771 2 22771 0.957399 5 10041 1 -1 1 8.9e-06 0 (0.421502 -0.0192454 0.0384155) 2650 64.9574 0 (0 0 0) (0 0 0)
5.750000e+02	1 (0 0.656986 0.27267 0.0703438) (23.5 0.680635 1.08335) 437 22743 2 22743 0.46277 5 9528 1 -1 1 8.9e-06 0 (0.41453 0.0546434 0.029713) 2650 64.4628 0 (0 0 0) (0 0 0)
5.750000e+02	1 (0 0.88142 0.0883241 0.030256) (23.5 0.817067 1.19748) 411 22767 1 22767 0.51357 5 11928 1 -1 1 4.3e-06 0 (0.421381 0.021569 0.0453982) 2650 62.5136 0 (0 0 0) (0 0 0)
5.750000e+02	1 (0 0.407498 0.278925 0.313577) (23.5 0.827996 1.23795) 411 22767 2 22767 0.612913 5 11961 1 -1 1 4.3e-06 0 (0.421793 0.0132033 0.0465563) 2650 62.6129 0 (0 0 0) (0 0 0)
5.750000e+02	1 (0 0.419375 0.326203 0.254422) (23.5 0.466283 1.07756) 440 22712 1 22712 0.745315 5 11609 1 -1 1 4.3e-06 0 (0.416199 0.0578156 0.0189854) 2650 62.7453 0 (0 0 0) (0 0 0)
5.750000e+02	1 (0 0.503068 0.139392 0.35754) (23.5 0.818542 1.30322) 408 22769 2 22769 0.527597 5 10199 1 -1 1 8.9e-06 0 (0.423278 -0.000371013 0.0434886) 2650 64.5276 0 (0 0 0) (0 0 0)
5.750000e+02	1 (0 0.113511 0.441866 0.444623) (23.5 0.410581 1.08992) 441 22711 1 22711 0.621437 5 11580 1 -1 1 4.3e-06 0 (0.417743 0.0529368 0.0158097) 2650 62.6214 0 (0 0 0) (0 0 0)
5.750000e+02	1 (0 0.197911 0.18793 0.614159) (23.5 0.794826 1.23947) 412 22756 1 22756 0.803736 5 12250 1 -1 1 4.3e-06 0 (0.42305 0.0134869 0.0429648) 2650 62.8037 0 (0 0 0) (0 0 0)
5.750000e+02	1 (0 0.124245 0.206714 0.669041) (23.5 0.409727 1.1045) 441 22711 1 22711 0.667654 5 4171 1 -1 1 7.5e-05 0 (0.419821 0.0491059 0.0104657) 2650 69.6677 0 (0 0 0) (0 0 0)
5.750000e+02	1 (0 0.0534883 0.597004 0.349508) (23.5 0.387693 1.40601) 393 22735 2 22735 0.876947 5 11355 1 -1 1 4.3e-06 0 (0.421596 -0.0450869 0.00281282) 2650 62.8769 0 (0 0 0) (0 0 0)
5.750000e+02	1 (0 0.125634 0.811955 0.0624114) (23.5 0.489899 1.13031) 427 22714 1 22714 0.857064 5 9479 1 -1 1 8.9e-06 0 (0.423515 0.0441876 0.0184927) 2650 64.8571 0 (0 0 0) (0 0 0)
5.750000e+02	1 (0 0.434777 0.393193 0.172031) (23.5 0.531656 1.165) 428 22741 2 22741 0.547827 5 11321 1 -1 1 4.3e-06 0 (0.425371 0.0345551 0.0203686) 2650 62.5478 0 (0 0 0) (0 0 0)
5.750000e+02	1 (0 0.39016 0.0928417 0.516999) (23.5 0.549088 1.16167) 428 22741 1 22741 0.590687 5 11435 1 -1 1 4.3e-06 0 (0.425113 0.0356306 0.0215312) 2650 62.5907 0 (0 0 0) (0 0 0)
5.750000e+02	1 (0 0.716068 0.193514 0.0904176) (23.5 0.442426 1.13224) 427 22714 1 22714 0.612851 5 4614 1 -1 1 7.5e-05 0 (0.423455 0.0426555 0.0111416) 2650 69.6129 0 (0 0 0) (0 0 0)
5.750000e+02	1 (0 0.306823 0.691091 0.00208588) (23.5 0.555808 1.19515) 415 22751 1 22751 0.786268 5 11289 1 -1 1 4.3e-06 0 (0.426959 0.0259738 0.0212275) 2650 62.7863 0 (0 0 0) (0 0 0)
5.750000e+02	1 (0 0.239859 0.172736 0.587405) (23.5 0.561232 1.2374) 415 22751 1 22751 0.729279 5 11528 1 -1 1 4.3e-06 0 (0.427221 0.0140072 0.020768) 2650 62.7293 0 (0 0 0) (0 0 0)
