# Time         currentProc " (coordinates0 coordinates1 coordinates2 coordinates3) (position0 position1 position2) celli tetFacei tetPti facei stepFraction origProc origId active typeId nParticle d dTarget (U0 U1 U2) rho age tTurb (UTurb0 UTurb1 UTurb2) (UCorrect0 UCorrect1 UCorrect2)"
5.860000e+02	1 (0 0.0578477 0.286064 0.656089) (23.5 0.976921 1.27135) 199 22779 2 22779 0.790407 5 5051 1 -1 1 7.5e-05 0 (0.377933 0.000333091 0.0446295) 2650 80.7904 0 (0 0 0) (0 0 0)
5.860000e+02	1 (0 0.456225 0.0973291 0.446446) (23.5 0.971661 1.37794) 202 22785 1 22785 0.875781 5 12215 1 -1 1 4.3e-06 0 (0.372161 -0.00426719 0.037713) 2650 73.8758 0 (0 0 0) (0 0 0)
5.860000e+02	1 (0 0.19806 0.121444 0.680496) (23.5 0.0193637 1.01301) 142 22863 2 22863 0.497713 5 2157 1 -1 1 0.00015 0 (0.269778 -0.000269901 -0.000824984) 2650 82.4977 0 (0 0 0) (0 0 0)
5.860000e+02	1 (0 0.430116 0.373831 0.196053) (23.5 0.09677 1.42204) 374 22721 1 22721 0.387576 5 4296 1 -1 1 7.5e-05 0 (0.404883 4.04413e-05 0.00257086) 2650 80.3876 0 (0 0 0) (0 0 0)
5.860000e+02	1 (0 0.134185 0.113151 0.752664) (23.5 0.0347448 1.1782) 130 22804 1 22804 0.378093 5 2472 1 -1 1 0.00015 0 (0.388824 -5.6698e-05 -0.00194201) 2650 82.3781 0 (0 0 0) (0 0 0)
5.860000e+02	1 (0 0.342318 0.542821 0.114861) (23.5 0.918027 1.20383) 410 22768 1 22768 0.282224 5 9813 1 -1 1 8.9e-06 0 (0.41776 0.00648941 0.0453362) 2650 75.2822 0 (0 0 0) (0 0 0)
5.860000e+02	1 (0 0.345025 0.508811 0.146164) (23.5 0.908486 1.17184) 433 22750 2 22750 0.728041 5 9526 1 -1 1 8.9e-06 0 (0.418487 0.0104579 0.0437107) 2650 75.728 0 (0 0 0) (0 0 0)
5.860000e+02	1 (0 0.834436 0.126044 0.0395204) (23.5 0.937143 1.48633) 362 22790 1 22790 0.568943 5 11938 1 -1 1 4.3e-06 0 (0.381893 -0.0125253 0.0136605) 2650 73.5689 0 (0 0 0) (0 0 0)
5.860000e+02	1 (0 0.0841687 0.0701832 0.845648) (23.5 0.0585029 1.18502) 131 22805 1 22805 0.411313 5 2761 1 -1 1 0.00015 0 (0.405837 -0.000416641 -0.000191448) 2650 82.4113 0 (0 0 0) (0 0 0)
5.860000e+02	1 (0 0.0167943 0.873738 0.109467) (23.5 0.122475 1.34705) 397 22719 1 22719 0.499577 5 4266 1 -1 1 7.5e-05 0 (0.411304 -0.000591134 0.00607998) 2650 80.4996 0 (0 0 0) (0 0 0)
5.860000e+02	1 (0 0.473622 0.409839 0.116539) (23.5 0.158814 1.27574) 399 22718 1 22718 0.498151 5 4328 1 -1 1 7.5e-05 0 (0.415582 -0.00140388 0.00767503) 2650 80.4982 0 (0 0 0) (0 0 0)
5.860000e+02	1 (0 0.206447 0.338534 0.455019) (23.5 0.160358 1.05646) 147 22799 1 22799 0.567893 5 11484 1 -1 1 4.3e-06 0 (0.405329 0.00396663 0.0187804) 2650 73.5679 0 (0 0 0) (0 0 0)
5.860000e+02	1 (0 0.651289 0.124157 0.224554) (23.5 0.131757 1.2206) 420 22716 2 22716 0.301314 5 11717 1 -1 1 4.3e-06 0 (0.415822 -0.00140159 0.0151937) 2650 73.3013 0 (0 0 0) (0 0 0)
5.860000e+02	1 (0 0.0328028 0.835313 0.131884) (23.5 0.121349 1.20505) 421 22715 1 22715 0.226282 5 9925 1 -1 1 8.9e-06 0 (0.415568 -0.00135297 0.0159146) 2650 75.2263 0 (0 0 0) (0 0 0)
5.860000e+02	1 (0 0.525999 0.170003 0.303998) (23.5 0.909376 1.48662) 362 22790 2 22790 0.411847 5 10019 1 -1 1 8.9e-06 0 (0.389508 -0.0175102 0.013197) 2650 75.4118 0 (0 0 0) (0 0 0)
5.860000e+02	1 (0 0.803322 0.0216516 0.175026) (23.5 0.9284 1.48833) 362 22790 1 22790 0.564111 5 11970 1 -1 1 4.3e-06 0 (0.383926 -0.0141519 0.0131505) 2650 73.5641 0 (0 0 0) (0 0 0)
5.860000e+02	1 (0 0.12791 0.757181 0.114909) (23.5 0.182715 1.1343) 423 22706 1 22706 0.137185 5 11878 1 -1 1 4.3e-06 0 (0.41808 -0.000665558 0.0169996) 2650 73.1372 0 (0 0 0) (0 0 0)
5.860000e+02	1 (0 0.87376 0.0079956 0.118245) (23.5 0.409298 1.01685) 157 22813 2 22813 0.047899 5 4453 1 -1 1 7.5e-05 0 (0.3802 0.0181893 0.0147163) 2650 80.0479 0 (0 0 0) (0 0 0)
5.860000e+02	1 (0 0.16126 0.0584405 0.780299) (23.5 0.195604 1.11581) 443 22707 2 22707 0.49596 5 11910 1 -1 1 4.3e-06 0 (0.417516 -1.08509e-05 0.0173746) 2650 73.496 0 (0 0 0) (0 0 0)
5.860000e+02	1 (0 0.228331 0.771353 0.000316095) (23.5 0.861327 1.26734) 408 22769 1 22769 0.197891 5 4885 1 -1 1 7.5e-05 0 (0.428739 0.000176915 0.0303415) 2650 80.1979 0 (0 0 0) (0 0 0)
5.860000e+02	1 (0 0.245137 0.383352 0.371511) (23.5 0.791005 1.15188) 431 22746 1 22746 0.381071 5 11847 1 -1 1 4.3e-06 0 (0.435721 0.0142803 0.0257785) 2650 73.3811 0 (0 0 0) (0 0 0)
5.860000e+02	1 (0 0.0778034 0.352057 0.570139) (23.5 0.653524 1.09809) 438 22740 1 22740 0.20296 5 11401 1 -1 1 4.3e-06 0 (0.43472 0.0188442 0.0162582) 2650 73.203 0 (0 0 0) (0 0 0)
5.860000e+02	1 (0 0.158063 0.580616 0.261321) (23.5 0.307872 1.25582) 418 22724 2 22724 0.492069 5 4357 1 -1 1 7.5e-05 0 (0.420716 -0.0018655 0.00139005) 2650 80.4921 0 (0 0 0) (0 0 0)
5.860000e+02	1 (0 0.00153173 0.908768 0.0897001) (23.5 0.263331 1.20156) 419 22723 1 22723 0.170551 5 4202 1 -1 1 7.5e-05 0 (0.420974 -0.00163812 0.00667453) 2650 80.1706 0 (0 0 0) (0 0 0)
5.860000e+02	1 (0 0.488882 0.0419921 0.469126) (23.5 0.302601 1.22892) 418 22724 1 22724 0.239134 5 11421 1 -1 1 4.3e-06 0 (0.42136 -0.0017341 0.00781394) 2650 73.2391 0 (0 0 0) (0 0 0)
5.860000e+02	1 (0 0.777636 0.132813 0.0895508) (23.5 0.280501 1.20154) 418 22724 1 22724 0.0395623 5 4232 1 -1 1 7.5e-05 0 (0.421541 -0.00153896 0.00586316) 2650 80.0396 0 (0 0 0) (0 0 0)
5.860000e+02	1 (0 0.17541 0.767402 0.0571884) (23.5 0.405508 1.27133) 402 22729 1 22729 0.264324 5 9245 1 -1 1 8.9e-06 0 (0.423792 -0.00232083 0.00113417) 2650 75.2643 0 (0 0 0) (0 0 0)
5.860000e+02	1 (0 0.290055 0.127664 0.582281) (23.5 0.350203 1.24627) 417 22727 2 22727 0.376641 5 11357 1 -1 1 4.3e-06 0 (0.42245 -0.00163998 0.004709) 2650 73.3766 0 (0 0 0) (0 0 0)
5.860000e+02	1 (0 0.407867 0.565295 0.0268381) (23.5 0.464978 1.31014) 403 22730 2 22730 0.242885 5 11324 1 -1 1 4.3e-06 0 (0.424751 -0.00576338 -0.00147696) 2650 73.2429 0 (0 0 0) (0 0 0)
5.860000e+02	1 (0 0.287271 0.455725 0.257004) (23.5 0.456165 1.24644) 416 22728 2 22728 0.356513 5 11909 1 -1 1 4.3e-06 0 (0.427026 -0.00149862 0.00197936) 2650 73.3565 0 (0 0 0) (0 0 0)
5.860000e+02	1 (0 0.427556 0.0506976 0.521746) (23.5 0.423617 1.1655) 427 22714 2 22714 0.344464 5 5016 1 -1 1 7.5e-05 0 (0.427741 0.00199221 0.00330127) 2650 80.3445 0 (0 0 0) (0 0 0)
5.860000e+02	1 (0 0.0193384 0.618543 0.362118) (23.5 0.418026 1.15099) 426 22713 1 22713 0.0857473 5 4919 1 -1 1 7.5e-05 0 (0.427685 0.00249684 0.00449532) 2650 80.0857 0 (0 0 0) (0 0 0)
5.860000e+02	1 (0 0.531308 0.352209 0.116483) (23.5 0.147144 1.3012) 399 22718 2 22718 0.876605 5 4297 1 -1 1 7.5e-05 0 (0.414203 -0.00109966 0.00698125) 2650 80.8766 0 (0 0 0) (0 0 0)
5.860000e+02	1 (0 0.245666 0.662747 0.0915861) (23.5 0.246099 1.06708) 443 22707 1 22707 0.662104 5 10021 1 -1 1 8.9e-06 0 (0.414889 0.00314299 0.0180209) 2650 75.6621 0 (0 0 0) (0 0 0)
5.860000e+02	1 (0 0.518423 0.298629 0.182948) (23.5 0.908971 1.49489) 362 22790 2 22790 0.742101 5 9827 1 -1 1 8.9e-06 0 (0.38876 -0.0174397 0.0112226) 2650 75.7421 0 (0 0 0) (0 0 0)
5.860000e+02	1 (0 0.512508 0.352889 0.134604) (23.5 0.22627 1.2049) 419 22723 1 22723 0.777617 5 4294 1 -1 1 7.5e-05 0 (0.419773 -0.00171715 0.00803143) 2650 80.7776 0 (0 0 0) (0 0 0)
5.860000e+02	1 (0 0.430742 0.15527 0.413988) (23.5 0.625522 1.08794) 438 22740 1 22740 0.517033 5 11342 1 -1 1 4.3e-06 0 (0.433416 0.0188006 0.0160766) 2650 73.517 0 (0 0 0) (0 0 0)
5.860000e+02	1 (0 0.806277 0.14621 0.0475125) (23.5 0.431357 1.07362) 440 22712 2 22712 0.692873 5 9319 1 -1 1 8.9e-06 0 (0.425062 0.00900569 0.0148104) 2650 75.6929 0 (0 0 0) (0 0 0)
5.860000e+02	1 (0 0.199725 0.517722 0.282553) (23.5 0.863195 1.28768) 408 22769 1 22769 0.596023 5 4917 1 -1 1 7.5e-05 0 (0.428004 -0.00239073 0.0296155) 2650 80.596 0 (0 0 0) (0 0 0)
5.860000e+02	1 (0 0.247107 0.353159 0.399734) (23.5 0.859972 1.29613) 408 22769 1 22769 0.882619 5 4949 1 -1 1 7.5e-05 0 (0.428106 -0.00354592 0.0284906) 2650 80.8826 0 (0 0 0) (0 0 0)
5.860000e+02	1 (0 0.294877 0.404531 0.300591) (23.5 0.85677 1.28898) 408 22769 1 22769 0.847117 5 4981 1 -1 1 7.5e-05 0 (0.428635 -0.00269793 0.0282213) 2650 80.8471 0 (0 0 0) (0 0 0)
5.860000e+02	1 (0 0.122422 0.572802 0.304776) (23.5 0.847883 1.25849) 411 22767 2 22767 0.475991 5 5013 1 -1 1 7.5e-05 0 (0.430398 0.00100332 0.027892) 2650 80.476 0 (0 0 0) (0 0 0)
5.860000e+02	1 (0 0.197255 0.789865 0.0128795) (23.5 0.721052 1.12696) 430 22745 1 22745 0.649849 5 9412 1 -1 1 8.9e-06 0 (0.437118 0.0163373 0.018759) 2650 75.6498 0 (0 0 0) (0 0 0)
5.860000e+02	1 (0 0.655919 0.228563 0.115518) (23.5 0.518377 1.08339) 439 22739 2 22739 0.610737 5 9413 1 -1 1 8.9e-06 0 (0.429752 0.0130061 0.0140285) 2650 75.6107 0 (0 0 0) (0 0 0)
5.860000e+02	1 (0 0.244054 0.700216 0.0557298) (23.5 0.480377 1.12985) 427 22714 1 22714 0.488703 5 9862 1 -1 1 8.9e-06 0 (0.430968 0.00592593 0.0101719) 2650 75.4887 0 (0 0 0) (0 0 0)
5.860000e+02	1 (0 0.445209 0.0582217 0.49657) (23.5 0.424225 1.16428) 427 22714 2 22714 0.600765 5 5048 1 -1 1 7.5e-05 0 (0.427787 0.00205869 0.00338863) 2650 80.6008 0 (0 0 0) (0 0 0)
5.860000e+02	1 (0 0.0760324 0.830514 0.0934534) (23.5 0.493887 1.13245) 427 22714 1 22714 0.749584 5 9798 1 -1 1 8.9e-06 0 (0.431574 0.00631315 0.00985568) 2650 75.7496 0 (0 0 0) (0 0 0)
5.860000e+02	1 (0 0.32232 0.290164 0.387516) (23.5 0.68189 1.1051) 437 22743 2 22743 0.954985 5 4789 1 -1 1 7.5e-05 0 (0.435373 0.0188362 0.0128654) 2650 80.955 0 (0 0 0) (0 0 0)
5.860000e+02	1 (0 0.0860729 0.266588 0.647339) (23.5 0.493065 1.31414) 403 22730 1 22730 0.843163 5 9361 1 -1 1 8.9e-06 0 (0.425904 -0.00625619 -0.00194443) 2650 75.8432 0 (0 0 0) (0 0 0)
5.860000e+02	1 (0 0.791357 0.168171 0.0404727) (23.5 0.51678 1.12879) 428 22741 1 22741 0.937924 5 9830 1 -1 1 8.9e-06 0 (0.432628 0.00751445 0.0103318) 2650 75.9379 0 (0 0 0) (0 0 0)
5.860000e+02	1 (0 0.0873359 0.288404 0.62426) (23.5 0.603382 1.18898) 429 22742 2 22742 0.995303 5 10036 1 -1 1 8.9e-06 0 (0.435325 0.00509442 0.0078561) 2650 75.9953 0 (0 0 0) (0 0 0)
5.870000e+02	1 (0 0.583725 0.00887524 0.4074) (23.5 0.974295 1.23774) 196 22782 1 22782 0.422102 5 5020 1 -1 1 7.5e-05 0 (0.382053 0.0016789 0.0435946) 2650 81.4221 0 (0 0 0) (0 0 0)
5.870000e+02	1 (0 0.11364 0.525569 0.360791) (23.5 0.972093 1.20306) 196 22782 2 22782 0.518376 5 4987 1 -1 1 7.5e-05 0 (0.385409 0.00271949 0.0432146) 2650 81.5184 0 (0 0 0) (0 0 0)
5.870000e+02	1 (0 0.0625244 0.625354 0.312121) (23.5 0.9483 1.27179) 198 22780 2 22780 0.419361 5 11991 1 -1 1 4.3e-06 0 (0.410098 0.000317481 0.0472031) 2650 74.4194 0 (0 0 0) (0 0 0)
5.870000e+02	1 (0 0.0424887 0.645183 0.312329) (23.5 0.969606 1.47909) 208 22860 2 22860 0.832406 5 9666 1 -1 1 8.9e-06 0 (0.350486 -0.00463426 0.0102463) 2650 76.8324 0 (0 0 0) (0 0 0)
5.870000e+02	1 (0 0.191301 0.318718 0.489982) (23.5 0.0336707 1.37367) 121 22837 1 22837 0.767468 5 2697 1 -1 1 0.00015 0 (0.387529 0.000104435 -0.00214239) 2650 83.7675 0 (0 0 0) (0 0 0)
5.870000e+02	1 (0 0.532939 0.402173 0.064888) (23.5 0.151023 1.44037) 375 22722 2 22722 0.689926 5 4235 1 -1 1 7.5e-05 0 (0.408713 0.00383435 0.00307082) 2650 81.6899 0 (0 0 0) (0 0 0)
5.870000e+02	1 (0 0.0433928 0.88553 0.0710775) (23.5 0.932358 1.19261) 433 22750 2 22750 0.960658 5 9717 1 -1 1 8.9e-06 0 (0.415153 0.00619924 0.0456783) 2650 76.9607 0 (0 0 0) (0 0 0)
5.870000e+02	1 (0 0.186551 0.451204 0.362245) (23.5 0.927873 1.22156) 410 22768 1 22768 0.623728 5 11926 1 -1 1 4.3e-06 0 (0.416998 0.00407745 0.0448058) 2650 74.6237 0 (0 0 0) (0 0 0)
5.870000e+02	1 (0 0.337688 0.32217 0.340142) (23.5 0.85335 1.08362) 435 22747 1 22747 0.232491 5 11578 1 -1 1 4.3e-06 0 (0.4218 0.0226371 0.0328715) 2650 74.2325 0 (0 0 0) (0 0 0)
5.870000e+02	1 (0 0.677411 0.102042 0.220547) (23.5 0.925709 1.49643) 362 22790 1 22790 0.0721176 5 11906 1 -1 1 4.3e-06 0 (0.385525 -0.0137993 0.00980704) 2650 74.0721 0 (0 0 0) (0 0 0)
5.870000e+02	1 (0 0.408738 0.559715 0.0315473) (23.5 0.0503426 1.16754) 131 22805 2 22805 0.78058 5 9246 1 -1 1 8.9e-06 0 (0.400954 -0.000936579 0.0177326) 2650 76.7806 0 (0 0 0) (0 0 0)
5.870000e+02	1 (0 0.0204478 0.831973 0.147579) (23.5 0.12201 1.27796) 398 22717 1 22717 0.225928 5 9893 1 -1 1 8.9e-06 0 (0.414392 -0.00161398 0.0170533) 2650 76.2259 0 (0 0 0) (0 0 0)
5.870000e+02	1 (0 0.8041 0.155335 0.0405651) (23.5 0.136494 1.27025) 399 22718 1 22718 0.588121 5 11749 1 -1 1 4.3e-06 0 (0.415245 -0.00188954 0.016796) 2650 74.5881 0 (0 0 0) (0 0 0)
5.870000e+02	1 (0 0.52883 0.401829 0.0693406) (23.5 0.220392 1.09181) 443 22707 2 22707 0.0338858 5 11942 1 -1 1 4.3e-06 0 (0.416201 -0.00177197 0.0188418) 2650 74.0339 0 (0 0 0) (0 0 0)
5.870000e+02	1 (0 0.782982 0.157895 0.0591236) (23.5 0.202353 1.21089) 419 22723 2 22723 0.229031 5 11546 1 -1 1 4.3e-06 0 (0.418885 -0.00347924 0.0159374) 2650 74.229 0 (0 0 0) (0 0 0)
5.870000e+02	1 (0 0.179228 0.299259 0.521513) (23.5 0.887444 1.49494) 362 22790 2 22790 0.525084 5 12002 1 -1 1 4.3e-06 0 (0.396382 -0.0200579 0.00927928) 2650 74.5251 0 (0 0 0) (0 0 0)
5.870000e+02	1 (0 0.426329 0.467801 0.10587) (23.5 0.847943 1.27494) 408 22769 1 22769 0.043943 5 5045 1 -1 1 7.5e-05 0 (0.43082 -0.00206705 0.023635) 2650 81.0439 0 (0 0 0) (0 0 0)
5.870000e+02	1 (0 0.319021 0.0844396 0.596539) (23.5 0.711793 1.09985) 437 22743 1 22743 0.0171799 5 9349 1 -1 1 8.9e-06 0 (0.435833 0.0171928 0.0180708) 2650 76.0172 0 (0 0 0) (0 0 0)
5.870000e+02	1 (0 0.741974 0.120895 0.137132) (23.5 0.669038 1.07782) 437 22743 2 22743 0.454837 5 9411 1 -1 1 8.9e-06 0 (0.434213 0.018916 0.0171656) 2650 76.4548 0 (0 0 0) (0 0 0)
5.870000e+02	1 (0 0.595406 0.190958 0.213635) (23.5 0.595523 1.08732) 438 22740 2 22740 0.140326 5 11347 1 -1 1 4.3e-06 0 (0.433463 0.0126311 0.0141447) 2650 74.1403 0 (0 0 0) (0 0 0)
5.870000e+02	1 (0 0.657886 0.0349993 0.307115) (23.5 0.583171 1.08326) 438 22740 2 22740 0.245671 5 11371 1 -1 1 4.3e-06 0 (0.432833 0.0125985 0.0140943) 2650 74.2457 0 (0 0 0) (0 0 0)
5.870000e+02	1 (0 0.0376625 0.833691 0.128647) (23.5 0.796982 1.19264) 431 22746 2 22746 0.128974 5 5075 1 -1 1 7.5e-05 0 (0.437184 0.00629615 0.0174665) 2650 81.129 0 (0 0 0) (0 0 0)
5.870000e+02	1 (0 0.213475 0.123818 0.662707) (23.5 0.482801 1.31526) 403 22730 1 22730 0.155295 5 11498 1 -1 1 4.3e-06 0 (0.423118 -0.00529403 -0.00226651) 2650 74.1553 0 (0 0 0) (0 0 0)
5.870000e+02	1 (0 0.244135 0.247406 0.508459) (23.5 0.43949 1.11014) 440 22712 2 22712 0.00381025 5 4822 1 -1 1 7.5e-05 0 (0.42791 0.00174082 0.00759099) 2650 81.0038 0 (0 0 0) (0 0 0)
5.870000e+02	1 (0 0.124886 0.137216 0.737898) (23.5 0.43055 1.18638) 427 22714 2 22714 0.198166 5 4984 1 -1 1 7.5e-05 0 (0.426767 -0.00170211 0.00195622) 2650 81.1982 0 (0 0 0) (0 0 0)
5.870000e+02	1 (0 0.806229 0.0126092 0.181162) (23.5 0.435177 1.1385) 427 22714 1 22714 0.015634 5 5077 1 -1 1 7.5e-05 0 (0.428239 -0.000376513 0.00547983) 2650 81.0156 0 (0 0 0) (0 0 0)
5.870000e+02	1 (0 0.0832537 0.113111 0.803635) (23.5 0.589475 1.18926) 429 22742 2 22742 0.115193 5 10099 1 -1 1 8.9e-06 0 (0.434198 0.00200897 0.00568595) 2650 76.1152 0 (0 0 0) (0 0 0)
5.870000e+02	1 (0 0.951777 0.0155981 0.032625) (23.5 0.661051 1.1985) 413 22755 2 22755 0.26156 5 9972 1 -1 1 8.9e-06 0 (0.436709 0.00286594 0.00778734) 2650 76.2616 0 (0 0 0) (0 0 0)
5.870000e+02	1 (0 0.00593799 0.821312 0.17275) (23.5 0.645671 1.19461) 429 22742 2 22742 0.0456452 5 10004 1 -1 1 8.9e-06 0 (0.436267 0.00288435 0.00738666) 2650 76.0456 0 (0 0 0) (0 0 0)
5.870000e+02	1 (0 0.389287 0.428727 0.181986) (23.5 0.611609 1.04748) 165 22823 2 22823 0.837513 5 10053 1 -1 1 8.9e-06 0 (0.42607 0.0225618 0.0182643) 2650 76.8375 0 (0 0 0) (0 0 0)
5.870000e+02	1 (0 0.61705 0.379745 0.00320476) (23.5 0.293168 1.06129) 442 22708 1 22708 0.779905 5 11974 1 -1 1 4.3e-06 0 (0.417417 0.000127056 0.0186722) 2650 74.7799 0 (0 0 0) (0 0 0)
5.870000e+02	1 (0 0.24784 0.402654 0.349506) (23.5 0.35908 1.02499) 157 22813 2 22813 0.900447 5 4901 1 -1 1 7.5e-05 0 (0.391298 0.00823969 0.0149758) 2650 81.9004 0 (0 0 0) (0 0 0)
5.870000e+02	1 (0 0.222164 0.617912 0.159923) (23.5 0.40195 1.07142) 441 22711 1 22711 0.777226 5 9604 1 -1 1 8.9e-06 0 (0.423801 0.00294085 0.0157011) 2650 76.7772 0 (0 0 0) (0 0 0)
5.870000e+02	1 (0 0.477283 0.211287 0.311429) (23.5 0.823418 1.23292) 411 22767 2 22767 0.673422 5 5074 1 -1 1 7.5e-05 0 (0.434488 0.00219107 0.0203736) 2650 81.6734 0 (0 0 0) (0 0 0)
5.870000e+02	1 (0 0.116986 0.0279533 0.855061) (23.5 0.738153 1.11849) 436 22744 2 22744 0.756481 5 9444 1 -1 1 8.9e-06 0 (0.437198 0.0152257 0.0183745) 2650 76.7565 0 (0 0 0) (0 0 0)
5.870000e+02	1 (0 0.349238 0.230216 0.420546) (23.5 0.677308 1.10335) 437 22743 2 22743 0.743855 5 11494 1 -1 1 4.3e-06 0 (0.436158 0.0149916 0.0157845) 2650 74.7439 0 (0 0 0) (0 0 0)
5.870000e+02	1 (0 0.772347 0.062528 0.165125) (23.5 0.66445 1.14173) 430 22745 2 22745 0.653532 5 11430 1 -1 1 4.3e-06 0 (0.43765 0.00887377 0.0121513) 2650 74.6535 0 (0 0 0) (0 0 0)
5.870000e+02	1 (0 0.256058 0.684099 0.0598428) (23.5 0.639334 1.13014) 429 22742 1 22742 0.419614 5 11654 1 -1 1 4.3e-06 0 (0.437094 0.00902304 0.0119836) 2650 74.4196 0 (0 0 0) (0 0 0)
5.870000e+02	1 (0 0.530739 0.0195658 0.449695) (23.5 0.45733 1.09025) 440 22712 1 22712 0.764844 5 9381 1 -1 1 8.9e-06 0 (0.427633 0.00387045 0.013358) 2650 76.7648 0 (0 0 0) (0 0 0)
5.870000e+02	1 (0 0.558882 0.153152 0.287966) (23.5 0.512314 1.0897) 439 22739 2 22739 0.739511 5 9509 1 -1 1 8.9e-06 0 (0.430273 0.00717794 0.0130856) 2650 76.7395 0 (0 0 0) (0 0 0)
5.870000e+02	1 (0 0.601994 0.312725 0.0852811) (23.5 0.525144 1.08689) 439 22739 2 22739 0.719129 5 9541 1 -1 1 8.9e-06 0 (0.430694 0.0080712 0.0133782) 2650 76.7191 0 (0 0 0) (0 0 0)
5.870000e+02	1 (0 0.222646 0.621278 0.156077) (23.5 0.469551 1.11153) 440 22712 2 22712 0.566509 5 9290 1 -1 1 8.9e-06 0 (0.429423 0.00272629 0.0115746) 2650 76.5665 0 (0 0 0) (0 0 0)
5.870000e+02	1 (0 0.117106 0.197121 0.685773) (23.5 0.490585 1.10559) 440 22712 1 22712 0.906436 5 9350 1 -1 1 8.9e-06 0 (0.430124 0.00437934 0.0117832) 2650 76.9064 0 (0 0 0) (0 0 0)
5.870000e+02	1 (0 0.143063 0.261714 0.595223) (23.5 0.488473 1.31036) 403 22730 1 22730 0.538603 5 11468 1 -1 1 4.3e-06 0 (0.423651 -0.00510293 -0.00216933) 2650 74.5386 0 (0 0 0) (0 0 0)
5.870000e+02	1 (0 0.25801 0.704707 0.0372827) (23.5 0.55974 1.19769) 415 22751 1 22751 0.446922 5 10130 1 -1 1 8.9e-06 0 (0.432597 0.00070339 0.00458762) 2650 76.4469 0 (0 0 0) (0 0 0)
5.870000e+02	1 (0 0.230434 0.691149 0.0784168) (23.5 0.561884 1.13141) 428 22741 1 22741 0.503233 5 11686 1 -1 1 4.3e-06 0 (0.434356 0.00538526 0.00990063) 2650 74.5032 0 (0 0 0) (0 0 0)
5.870000e+02	1 (0 0.333329 0.435864 0.230807) (23.5 0.785019 1.28398) 407 22758 1 22758 0.75555 5 10067 1 -1 1 8.9e-06 0 (0.434196 -0.00454691 0.0160997) 2650 76.7556 0 (0 0 0) (0 0 0)
5.870000e+02	1 (0 0.637243 0.175611 0.187146) (23.5 0.529216 1.20851) 415 22751 1 22751 0.613597 5 10068 1 -1 1 8.9e-06 0 (0.430667 -0.000725183 0.00370196) 2650 76.6136 0 (0 0 0) (0 0 0)
5.870000e+02	1 (0 0.467297 0.276085 0.256618) (23.5 0.700748 1.21357) 413 22755 1 22755 0.788622 5 9940 1 -1 1 8.9e-06 0 (0.43695 0.0020854 0.0100384) 2650 76.7886 0 (0 0 0) (0 0 0)
5.870000e+02	1 (0 0.553115 0.12207 0.324815) (23.5 0.429377 1.15684) 427 22714 2 22714 0.98205 5 5076 1 -1 1 7.5e-05 0 (0.427485 -0.000979674 0.0042162) 2650 81.9821 0 (0 0 0) (0 0 0)
5.880000e+02	1 (0 0.185153 0.679797 0.13505) (23.5 0.988139 1.07267) 189 22848 2 22848 0.0409387 5 4694 1 -1 1 7.5e-05 0 (0.301507 0.00351914 0.0196387) 2650 82.0409 0 (0 0 0) (0 0 0)
5.880000e+02	1 (0 0.264625 0.177945 0.55743) (23.5 0.967925 1.29946) 199 22779 1 22779 0.498123 5 12056 1 -1 1 4.3e-06 0 (0.391886 -0.00121106 0.0451458) 2650 75.4981 0 (0 0 0) (0 0 0)
5.880000e+02	1 (0 0.777673 0.0898904 0.132436) (23.5 0.130008 1.424) 375 22722 2 22722 0.0246835 5 4742 1 -1 1 7.5e-05 0 (0.408282 0.00526 0.00732657) 2650 82.0247 0 (0 0 0) (0 0 0)
5.880000e+02	1 (0 0.0666422 0.426332 0.507026) (23.5 0.186872 1.44323) 375 22722 1 22722 0.941797 5 4205 1 -1 1 7.5e-05 0 (0.409501 0.00790769 0.00332565) 2650 82.9418 0 (0 0 0) (0 0 0)
5.880000e+02	1 (0 0.496799 0.00749859 0.495702) (23.5 0.951506 1.50812) 209 22861 1 22861 0.31524 5 9634 1 -1 1 8.9e-06 0 (0.375291 -0.00758388 0.00601127) 2650 77.3152 0 (0 0 0) (0 0 0)
5.880000e+02	1 (0 0.144671 0.0537914 0.801538) (23.5 0.879512 1.11733) 434 22748 2 22748 0.126874 5 11577 1 -1 1 4.3e-06 0 (0.424645 0.0147498 0.0352426) 2650 75.1269 0 (0 0 0) (0 0 0)
5.880000e+02	1 (0 0.140839 0.680819 0.178342) (23.5 0.169862 1.39962) 396 22720 2 22720 0.832839 5 4206 1 -1 1 7.5e-05 0 (0.410716 0.00497397 0.00721622) 2650 82.8328 0 (0 0 0) (0 0 0)
5.880000e+02	1 (0 0.354023 0.2374 0.408577) (23.5 0.833347 1.49109) 363 22777 2 22777 0.0417921 5 12131 1 -1 1 4.3e-06 0 (0.407521 -0.0241111 0.00567753) 2650 75.0418 0 (0 0 0) (0 0 0)
5.880000e+02	1 (0 0.100401 0.560168 0.33943) (23.5 0.869885 1.29179) 408 22769 1 22769 0.176292 5 4788 1 -1 1 7.5e-05 0 (0.428731 -0.00436526 0.023314) 2650 82.1763 0 (0 0 0) (0 0 0)
5.880000e+02	1 (0 0.491171 0.464722 0.0441072) (23.5 0.770047 1.16128) 431 22746 2 22746 0.203918 5 11339 1 -1 1 4.3e-06 0 (0.43814 0.00712597 0.0175302) 2650 75.2039 0 (0 0 0) (0 0 0)
5.880000e+02	1 (0 0.122429 0.293079 0.584492) (23.5 0.570558 1.09901) 439 22739 1 22739 0.105023 5 11348 1 -1 1 4.3e-06 0 (0.433449 0.00523424 0.0119651) 2650 75.105 0 (0 0 0) (0 0 0)
5.880000e+02	1 (0 0.11651 0.436102 0.447388) (23.5 0.410343 1.0901) 441 22711 1 22711 0.0366002 5 11337 1 -1 1 4.3e-06 0 (0.425396 -0.00245432 0.0146854) 2650 75.0366 0 (0 0 0) (0 0 0)
5.880000e+02	1 (0 0.431239 0.034517 0.534244) (23.5 0.232401 1.16305) 424 22709 1 22709 0.501139 5 4263 1 -1 1 7.5e-05 0 (0.420194 -0.00622248 0.0133762) 2650 82.5011 0 (0 0 0) (0 0 0)
5.880000e+02	1 (0 0.706844 0.189778 0.103378) (23.5 0.434729 1.28845) 403 22730 2 22730 0.375535 5 9365 1 -1 1 8.9e-06 0 (0.420288 -0.0036892 0.000656314) 2650 77.3755 0 (0 0 0) (0 0 0)
5.880000e+02	1 (0 0.843334 0.046917 0.109749) (23.5 0.423219 1.27855) 403 22730 2 22730 0.328778 5 9366 1 -1 1 8.9e-06 0 (0.420362 -0.00357034 0.00151937) 2650 77.3288 0 (0 0 0) (0 0 0)
5.880000e+02	1 (0 0.0928589 0.84415 0.0629912) (23.5 0.412063 1.27175) 402 22729 1 22729 0.316286 5 9367 1 -1 1 8.9e-06 0 (0.420379 -0.00361428 0.00240619) 2650 77.3163 0 (0 0 0) (0 0 0)
5.880000e+02	1 (0 0.0226761 0.811761 0.165563) (23.5 0.404489 1.26555) 417 22727 2 22727 0.314269 5 9368 1 -1 1 8.9e-06 0 (0.420512 -0.00377823 0.00315981) 2650 77.3143 0 (0 0 0) (0 0 0)
5.880000e+02	1 (0 0.00833147 0.853106 0.138563) (23.5 0.418939 1.07003) 441 22711 1 22711 0.499815 5 11396 1 -1 1 4.3e-06 0 (0.424956 -0.00093817 0.0159086) 2650 75.4998 0 (0 0 0) (0 0 0)
5.880000e+02	1 (0 0.598146 0.221985 0.179869) (23.5 0.517848 1.08714) 439 22739 2 22739 0.354529 5 9573 1 -1 1 8.9e-06 0 (0.43058 0.00308172 0.0130521) 2650 77.3545 0 (0 0 0) (0 0 0)
5.880000e+02	1 (0 0.188693 0.262812 0.548494) (23.5 0.404607 1.09667) 441 22711 1 22711 0.193975 5 11366 1 -1 1 4.3e-06 0 (0.425382 -0.00306221 0.0143546) 2650 75.194 0 (0 0 0) (0 0 0)
5.880000e+02	1 (0 0.0225273 0.859597 0.117876) (23.5 0.488711 1.12454) 440 22712 2 22712 0.123268 5 9348 1 -1 1 8.9e-06 0 (0.430725 -0.00141194 0.0102248) 2650 77.1233 0 (0 0 0) (0 0 0)
5.880000e+02	1 (0 0.142159 0.00628052 0.85156) (23.5 0.42001 1.18519) 427 22714 2 22714 0.368161 5 4887 1 -1 1 7.5e-05 0 (0.425375 -0.00468644 0.00289114) 2650 82.3682 0 (0 0 0) (0 0 0)
5.880000e+02	1 (0 0.525461 0.0335094 0.44103) (23.5 0.155395 1.29922) 399 22718 1 22718 0.774996 5 4999 1 -1 1 7.5e-05 0 (0.414863 -0.000947654 0.0129643) 2650 82.775 0 (0 0 0) (0 0 0)
5.880000e+02	1 (0 0.570418 0.264782 0.1648) (23.5 0.647149 1.04751) 165 22823 1 22823 0.950473 5 12037 1 -1 1 4.3e-06 0 (0.428154 0.0203541 0.0184817) 2650 75.9505 0 (0 0 0) (0 0 0)
5.880000e+02	1 (0 0.584814 0.0435022 0.371684) (23.5 0.550557 1.04716) 164 22820 1 22820 0.70004 5 12006 1 -1 1 4.3e-06 0 (0.425779 0.0124101 0.0174078) 2650 75.7 0 (0 0 0) (0 0 0)
5.880000e+02	1 (0 0.343149 0.380471 0.27638) (23.5 0.218411 1.24256) 419 22723 2 22723 0.911552 5 9402 1 -1 1 8.9e-06 0 (0.41797 -0.00407658 0.0160972) 2650 77.9116 0 (0 0 0) (0 0 0)
5.880000e+02	1 (0 0.588413 0.376581 0.0350064) (23.5 0.688572 1.08782) 437 22743 2 22743 0.531328 5 11338 1 -1 1 4.3e-06 0 (0.435974 0.013961 0.0162414) 2650 75.5313 0 (0 0 0) (0 0 0)
5.880000e+02	1 (0 0.38373 0.45295 0.16332) (23.5 0.298113 1.23954) 418 22724 2 22724 0.959874 5 11474 1 -1 1 4.3e-06 0 (0.419122 -0.00454773 0.0111418) 2650 75.9599 0 (0 0 0) (0 0 0)
5.880000e+02	1 (0 0.331624 0.500713 0.167663) (23.5 0.239381 1.20725) 419 22723 1 22723 0.891064 5 9403 1 -1 1 8.9e-06 0 (0.419666 -0.0055579 0.0162794) 2650 77.8911 0 (0 0 0) (0 0 0)
5.880000e+02	1 (0 0.302753 0.0211312 0.676116) (23.5 0.475608 1.31623) 403 22730 1 22730 0.623848 5 9364 1 -1 1 8.9e-06 0 (0.420468 -0.00426875 -0.00206921) 2650 77.6238 0 (0 0 0) (0 0 0)
5.880000e+02	1 (0 0.865404 0.0158648 0.118732) (23.5 0.420877 1.06977) 440 22712 2 22712 0.810616 5 11427 1 -1 1 4.3e-06 0 (0.425041 -0.000847281 0.0158791) 2650 75.8106 0 (0 0 0) (0 0 0)
5.880000e+02	1 (0 0.169047 0.47433 0.356623) (23.5 0.841071 1.32731) 408 22769 2 22769 0.623641 5 4820 1 -1 1 7.5e-05 0 (0.429215 -0.00907411 0.0150539) 2650 82.6236 0 (0 0 0) (0 0 0)
5.880000e+02	1 (0 0.156612 0.061571 0.781817) (23.5 0.813204 1.32831) 408 22769 2 22769 0.490627 5 10098 1 -1 1 8.9e-06 0 (0.431053 -0.00998997 0.0139264) 2650 77.4906 0 (0 0 0) (0 0 0)
5.880000e+02	1 (0 0.394808 0.0496404 0.555551) (23.5 0.780248 1.16453) 431 22746 1 22746 0.751795 5 11369 1 -1 1 4.3e-06 0 (0.437997 0.00701809 0.0185599) 2650 75.7518 0 (0 0 0) (0 0 0)
5.880000e+02	1 (0 0.534369 0.0231238 0.442508) (23.5 0.661502 1.0913) 437 22743 2 22743 0.990344 5 9702 1 -1 1 8.9e-06 0 (0.435874 0.0121174 0.0143953) 2650 77.9903 0 (0 0 0) (0 0 0)
5.880000e+02	1 (0 0.525933 0.409966 0.0641011) (23.5 0.532962 1.09184) 439 22739 2 22739 0.798302 5 11431 1 -1 1 4.3e-06 0 (0.431475 0.00340903 0.0126458) 2650 75.7983 0 (0 0 0) (0 0 0)
5.880000e+02	1 (0 0.527777 0.440985 0.0312383) (23.5 0.537972 1.12816) 428 22741 1 22741 0.500641 5 9318 1 -1 1 8.9e-06 0 (0.433024 0.000638607 0.00949706) 2650 77.5006 0 (0 0 0) (0 0 0)
5.880000e+02	1 (0 0.0276611 0.688981 0.283358) (23.5 0.555396 1.1242) 439 22739 2 22739 0.917395 5 9320 1 -1 1 8.9e-06 0 (0.433838 0.00174965 0.00975603) 2650 77.9174 0 (0 0 0) (0 0 0)
5.880000e+02	1 (0 0.677237 0.201009 0.121754) (23.5 0.356268 1.14829) 426 22713 2 22713 0.814648 5 9475 1 -1 1 8.9e-06 0 (0.424165 -0.00592063 0.0128303) 2650 77.8146 0 (0 0 0) (0 0 0)
5.880000e+02	1 (0 0.274061 0.454584 0.271356) (23.5 0.376159 1.24741) 417 22727 2 22727 0.860879 5 11444 1 -1 1 4.3e-06 0 (0.420612 -0.00428789 0.00591255) 2650 75.8609 0 (0 0 0) (0 0 0)
5.880000e+02	1 (0 0.0417891 0.36564 0.592571) (23.5 0.336876 1.2378) 418 22724 1 22724 0.96458 5 11473 1 -1 1 4.3e-06 0 (0.419968 -0.00452075 0.00879022) 2650 75.9646 0 (0 0 0) (0 0 0)
5.880000e+02	1 (0 0.110604 0.344388 0.545008) (23.5 0.527746 1.25919) 415 22751 2 22751 0.583156 5 10162 1 -1 1 8.9e-06 0 (0.426588 -0.00404605 -0.000309338) 2650 77.5832 0 (0 0 0) (0 0 0)
5.890000e+02	1 (0 0.869344 0.0408873 0.0897687) (23.5 0.182466 1.47859) 372 22843 2 22843 0.463831 5 4327 1 -1 1 7.5e-05 0 (0.407393 0.0130162 0.00188374) 2650 83.4638 0 (0 0 0) (0 0 0)
5.890000e+02	1 (0 0.0293743 0.11933 0.851296) (23.5 0.199958 1.47406) 376 22733 2 22733 0.460331 5 4265 1 -1 1 7.5e-05 0 (0.407996 0.0134835 0.0018125) 2650 83.4603 0 (0 0 0) (0 0 0)
5.890000e+02	1 (0 0.804901 0.00224532 0.192854) (23.5 0.178161 1.47609) 372 22843 2 22843 0.550694 5 4454 1 -1 1 7.5e-05 0 (0.40727 0.0127176 0.00235762) 2650 83.5507 0 (0 0 0) (0 0 0)
5.890000e+02	1 (0 0.273748 0.136181 0.590071) (23.5 0.172804 1.38084) 396 22720 1 22720 0.324427 5 4177 1 -1 1 7.5e-05 0 (0.41167 0.00530307 0.0104444) 2650 83.3244 0 (0 0 0) (0 0 0)
5.890000e+02	1 (0 0.51858 0.26148 0.21994) (23.5 0.95258 1.52585) 209 22861 1 22861 0.478333 5 10196 1 -1 1 8.9e-06 0 (0.378392 -0.00626847 0.00209389) 2650 78.4783 0 (0 0 0) (0 0 0)
5.890000e+02	1 (0 0.179441 0.752876 0.0676828) (23.5 0.936712 1.52846) 362 22790 1 22790 0.523703 5 10195 1 -1 1 8.9e-06 0 (0.388726 -0.00914203 0.00169523) 2650 78.5237 0 (0 0 0) (0 0 0)
5.890000e+02	1 (0 0.250861 0.510397 0.238741) (23.5 0.950998 1.49195) 209 22861 2 22861 0.0390092 5 10180 1 -1 1 8.9e-06 0 (0.378464 -0.00755741 0.00707978) 2650 78.039 0 (0 0 0) (0 0 0)
5.890000e+02	1 (0 0.979063 0.00161588 0.0193209) (23.5 0.938864 1.03767) 177 22847 2 22847 0.39914 5 2879 1 -1 1 0.00015 0 (0.365529 0.0134059 0.0131909) 2650 85.3991 0 (0 0 0) (0 0 0)
5.890000e+02	1 (0 0.294697 0.636986 0.0683167) (23.5 0.93531 1.05451) 177 22847 1 22847 0.659335 5 2814 1 -1 1 0.00015 0 (0.382273 0.0138726 0.016976) 2650 85.6593 0 (0 0 0) (0 0 0)
5.890000e+02	1 (0 0.0635265 0.210796 0.725678) (23.5 0.186637 1.31981) 399 22718 1 22718 0.297768 5 4178 1 -1 1 7.5e-05 0 (0.41456 0.00022572 0.0128989) 2650 83.2978 0 (0 0 0) (0 0 0)
5.890000e+02	1 (0 0.357983 0.177472 0.464545) (23.5 0.23011 1.05266) 152 22802 1 22802 0.431682 5 12005 1 -1 1 4.3e-06 0 (0.410502 -0.00565989 0.0221986) 2650 76.4317 0 (0 0 0) (0 0 0)
5.890000e+02	1 (0 0.774295 0.097204 0.128501) (23.5 0.12996 1.21178) 420 22716 2 22716 0.0113555 5 9466 1 -1 1 8.9e-06 0 (0.418096 -0.00531814 0.0235861) 2650 78.0114 0 (0 0 0) (0 0 0)
5.890000e+02	1 (0 0.375789 0.388093 0.236118) (23.5 0.218971 1.24021) 419 22723 2 22723 0.224995 5 11505 1 -1 1 4.3e-06 0 (0.417981 -0.00536466 0.0182698) 2650 76.225 0 (0 0 0) (0 0 0)
5.890000e+02	1 (0 0.230621 0.147461 0.621918) (23.5 0.246625 1.24001) 419 22723 1 22723 0.251818 5 11504 1 -1 1 4.3e-06 0 (0.418105 -0.00557785 0.0164205) 2650 76.2518 0 (0 0 0) (0 0 0)
5.890000e+02	1 (0 0.429858 0.20848 0.361662) (23.5 0.205953 1.23632) 419 22723 2 22723 0.226103 5 11475 1 -1 1 4.3e-06 0 (0.418122 -0.00549389 0.0193132) 2650 76.2261 0 (0 0 0) (0 0 0)
5.890000e+02	1 (0 0.177195 0.265317 0.557488) (23.5 0.250511 1.23535) 419 22723 1 22723 0.263706 5 11503 1 -1 1 4.3e-06 0 (0.418366 -0.00588132 0.016376) 2650 76.2637 0 (0 0 0) (0 0 0)
5.890000e+02	1 (0 0.782389 0.196262 0.0213496) (23.5 0.890434 1.26885) 409 22770 1 22770 0.272565 5 4548 1 -1 1 7.5e-05 0 (0.426891 -0.00228634 0.0248989) 2650 83.2726 0 (0 0 0) (0 0 0)
5.890000e+02	1 (0 0.837875 0.13744 0.0246852) (23.5 0.747903 1.12783) 431 22746 1 22746 0.0319043 5 9605 1 -1 1 8.9e-06 0 (0.43887 0.00750232 0.0145408) 2650 78.0319 0 (0 0 0) (0 0 0)
5.890000e+02	1 (0 0.732382 0.0673053 0.200313) (23.5 0.505412 1.07842) 439 22739 2 22739 0.222162 5 11340 1 -1 1 4.3e-06 0 (0.429784 -0.0012352 0.0138373) 2650 76.2222 0 (0 0 0) (0 0 0)
5.890000e+02	1 (0 0.428816 0.171394 0.39979) (23.5 0.545924 1.08701) 439 22739 1 22739 0.183866 5 11462 1 -1 1 4.3e-06 0 (0.431903 0.000492854 0.0126979) 2650 76.1839 0 (0 0 0) (0 0 0)
5.890000e+02	1 (0 0.113651 0.687878 0.198471) (23.5 0.394663 1.25898) 417 22727 2 22727 0.0567795 5 11443 1 -1 1 4.3e-06 0 (0.419333 -0.00494817 0.00525965) 2650 76.0568 0 (0 0 0) (0 0 0)
5.890000e+02	1 (0 0.351893 0.242059 0.406048) (23.5 0.359294 1.2418) 417 22727 2 22727 0.174769 5 11472 1 -1 1 4.3e-06 0 (0.419491 -0.00577387 0.00852272) 2650 76.1748 0 (0 0 0) (0 0 0)
5.890000e+02	1 (0 0.0797839 0.646573 0.273643) (23.5 0.257624 1.21485) 419 22723 1 22723 0.497836 5 11502 1 -1 1 4.3e-06 0 (0.419412 -0.00711002 0.0167774) 2650 76.4978 0 (0 0 0) (0 0 0)
5.890000e+02	1 (0 0.0089321 0.582265 0.408803) (23.5 0.23317 1.19455) 424 22709 2 22709 0.506361 5 11479 1 -1 1 4.3e-06 0 (0.420095 -0.00796611 0.0190462) 2650 76.5064 0 (0 0 0) (0 0 0)
5.890000e+02	1 (0 0.605716 0.206187 0.188097) (23.5 0.516578 1.08665) 439 22739 2 22739 0.438661 5 11400 1 -1 1 4.3e-06 0 (0.43054 -0.00125254 0.0130012) 2650 76.4387 0 (0 0 0) (0 0 0)
5.890000e+02	1 (0 0.282603 0.251242 0.466155) (23.5 0.397147 1.09132) 441 22711 1 22711 0.367809 5 9829 1 -1 1 8.9e-06 0 (0.424773 -0.00695211 0.015392) 2650 78.3678 0 (0 0 0) (0 0 0)
5.890000e+02	1 (0 0.253943 0.632913 0.113144) (23.5 0.390316 1.24886) 417 22727 2 22727 0.339507 5 11445 1 -1 1 4.3e-06 0 (0.419818 -0.00546405 0.00607264) 2650 76.3395 0 (0 0 0) (0 0 0)
5.890000e+02	1 (0 0.0381172 0.0641065 0.897776) (23.5 0.416414 1.2598) 417 22727 1 22727 0.44763 5 9369 1 -1 1 8.9e-06 0 (0.419835 -0.00487272 0.00374284) 2650 78.4476 0 (0 0 0) (0 0 0)
5.890000e+02	1 (0 0.856338 0.0333099 0.110352) (23.5 0.511552 1.34746) 391 22759 1 22759 0.398438 5 9392 1 -1 1 8.9e-06 0 (0.418017 -0.00323374 -0.00401165) 2650 78.3984 0 (0 0 0) (0 0 0)
5.890000e+02	1 (0 0.565676 0.114958 0.319366) (23.5 0.509243 1.08925) 439 22739 2 22739 0.440339 5 11370 1 -1 1 4.3e-06 0 (0.430269 -0.00177877 0.012871) 2650 76.4403 0 (0 0 0) (0 0 0)
5.890000e+02	1 (0 0.00870692 0.122854 0.868439) (23.5 0.350128 1.12545) 441 22711 2 22711 0.416761 5 11365 1 -1 1 4.3e-06 0 (0.424529 -0.00930337 0.01557) 2650 76.4168 0 (0 0 0) (0 0 0)
5.890000e+02	1 (0 0.831526 0.00165778 0.166816) (23.5 0.820307 1.35126) 387 22771 1 22771 0.14487 5 10161 1 -1 1 8.9e-06 0 (0.427909 -0.0120625 0.00950555) 2650 78.1449 0 (0 0 0) (0 0 0)
5.890000e+02	1 (0 0.888862 0.0484722 0.0626655) (23.5 0.584261 1.13367) 429 22742 2 22742 0.0639162 5 9289 1 -1 1 8.9e-06 0 (0.43449 -0.00104936 0.00821778) 2650 78.0639 0 (0 0 0) (0 0 0)
5.890000e+02	1 (0 0.229638 0.425709 0.344653) (23.5 0.64167 1.2199) 414 22752 1 22752 0.182023 5 9794 1 -1 1 8.9e-06 0 (0.433298 -0.0033185 0.00218354) 2650 78.182 0 (0 0 0) (0 0 0)
5.890000e+02	1 (0 0.497111 0.360477 0.142412) (23.5 0.687575 1.23134) 413 22755 2 22755 0.244114 5 9826 1 -1 1 8.9e-06 0 (0.434644 -0.00333608 0.00330689) 2650 78.2441 0 (0 0 0) (0 0 0)
5.890000e+02	1 (0 0.0577188 0.750096 0.192185) (23.5 0.173892 1.26316) 420 22716 2 22716 0.720345 5 11506 1 -1 1 4.3e-06 0 (0.416915 -0.00384443 0.0205089) 2650 76.7203 0 (0 0 0) (0 0 0)
5.890000e+02	1 (0 0.621126 0.0918357 0.287038) (23.5 0.834304 1.14624) 432 22749 1 22749 0.757653 5 10085 1 -1 1 8.9e-06 0 (0.435421 0.00845047 0.0248615) 2650 78.7577 0 (0 0 0) (0 0 0)
5.890000e+02	1 (0 0.132991 0.761037 0.105973) (23.5 0.181798 1.27496) 399 22718 1 22718 0.990759 5 11535 1 -1 1 4.3e-06 0 (0.41652 -0.00317135 0.0196936) 2650 76.9908 0 (0 0 0) (0 0 0)
5.890000e+02	1 (0 0.272168 0.0513198 0.676512) (23.5 0.194522 1.24769) 419 22723 2 22723 0.699894 5 11534 1 -1 1 4.3e-06 0 (0.417693 -0.00485738 0.0198082) 2650 76.6999 0 (0 0 0) (0 0 0)
5.890000e+02	1 (0 0.510169 0.432432 0.0573988) (23.5 0.152535 1.23071) 420 22716 2 22716 0.775637 5 11476 1 -1 1 4.3e-06 0 (0.417727 -0.00483089 0.0221331) 2650 76.7756 0 (0 0 0) (0 0 0)
5.890000e+02	1 (0 0.419983 0.420082 0.159934) (23.5 0.162561 1.20692) 420 22716 1 22716 0.737927 5 11477 1 -1 1 4.3e-06 0 (0.418756 -0.00622021 0.0223513) 2650 76.7379 0 (0 0 0) (0 0 0)
5.890000e+02	1 (0 0.758294 0.240982 0.000723426) (23.5 0.20847 1.19528) 419 22723 1 22723 0.80811 5 4584 1 -1 1 7.5e-05 0 (0.419826 -0.00770548 0.0158573) 2650 83.8081 0 (0 0 0) (0 0 0)
5.890000e+02	1 (0 0.0883035 0.161738 0.749959) (23.5 0.202713 1.18915) 424 22709 2 22709 0.62346 5 11478 1 -1 1 4.3e-06 0 (0.419797 -0.00772755 0.0209602) 2650 76.6235 0 (0 0 0) (0 0 0)
5.890000e+02	1 (0 0.290096 0.709218 0.000686304) (23.5 0.476647 1.33978) 392 22736 1 22736 0.773291 5 9393 1 -1 1 8.9e-06 0 (0.416917 -0.00195851 -0.00267581) 2650 78.7733 0 (0 0 0) (0 0 0)
5.890000e+02	1 (0 0.18969 0.478706 0.331603) (23.5 0.795003 1.14914) 431 22746 1 22746 0.653278 5 11523 1 -1 1 4.3e-06 0 (0.438244 0.00690059 0.0181526) 2650 76.6533 0 (0 0 0) (0 0 0)
5.890000e+02	1 (0 0.655893 0.225855 0.118252) (23.5 0.207627 1.15001) 424 22709 2 22709 0.847046 5 4184 1 -1 1 7.5e-05 0 (0.419994 -0.00845062 0.0166897) 2650 83.847 0 (0 0 0) (0 0 0)
5.890000e+02	1 (0 0.40771 0.266892 0.325399) (23.5 0.284347 1.09957) 442 22708 2 22708 0.878181 5 11395 1 -1 1 4.3e-06 0 (0.420249 -0.00890396 0.0194144) 2650 76.8782 0 (0 0 0) (0 0 0)
5.890000e+02	1 (0 0.0524254 0.183162 0.764413) (23.5 0.28191 1.05984) 153 22811 1 22811 0.608464 5 4966 1 -1 1 7.5e-05 0 (0.416881 -0.00750478 0.0162953) 2650 83.6085 0 (0 0 0) (0 0 0)
5.890000e+02	1 (0 0.524349 0.352304 0.123347) (23.5 0.447926 1.09193) 440 22712 2 22712 0.680845 5 11315 1 -1 1 4.3e-06 0 (0.427298 -0.0051689 0.0138723) 2650 76.6808 0 (0 0 0) (0 0 0)
5.890000e+02	1 (0 0.209322 0.551489 0.239189) (23.5 0.306101 1.11245) 442 22708 2 22708 0.811139 5 9797 1 -1 1 8.9e-06 0 (0.421995 -0.00923709 0.0179594) 2650 78.8111 0 (0 0 0) (0 0 0)
5.890000e+02	1 (0 0.250769 0.275881 0.47335) (23.5 0.859375 1.3725) 387 22771 1 22771 0.731528 5 4450 1 -1 1 7.5e-05 0 (0.422251 -0.0134128 0.0106171) 2650 83.7315 0 (0 0 0) (0 0 0)
5.890000e+02	1 (0 0.325417 0.645313 0.0292699) (23.5 0.852651 1.31595) 408 22769 2 22769 0.693206 5 4756 1 -1 1 7.5e-05 0 (0.428929 -0.00798278 0.0134723) 2650 83.6932 0 (0 0 0) (0 0 0)
5.890000e+02	1 (0 0.0495026 0.766893 0.183604) (23.5 0.792134 1.19181) 431 22746 2 22746 0.53012 5 4417 1 -1 1 7.5e-05 0 (0.437664 0.00194998 0.0102924) 2650 83.5301 0 (0 0 0) (0 0 0)
5.890000e+02	1 (0 0.730929 0.145267 0.123804) (23.5 0.67103 1.21445) 413 22755 2 22755 0.478855 5 12053 1 -1 1 4.3e-06 0 (0.434848 -0.00255727 0.00351589) 2650 76.4789 0 (0 0 0) (0 0 0)
5.890000e+02	1 (0 0.522776 0.345572 0.131652) (23.5 0.686428 1.22948) 413 22755 2 22755 0.495721 5 9761 1 -1 1 8.9e-06 0 (0.434692 -0.00324846 0.00336225) 2650 78.4957 0 (0 0 0) (0 0 0)
5.890000e+02	1 (0 0.651133 0.0150485 0.333819) (23.5 0.686663 1.21913) 413 22755 1 22755 0.311204 5 12148 1 -1 1 4.3e-06 0 (0.435205 -0.00271106 0.00410286) 2650 76.3112 0 (0 0 0) (0 0 0)
5.890000e+02	1 (0 0.113105 0.68486 0.202035) (23.5 0.555065 1.11865) 439 22739 2 22739 0.621078 5 11341 1 -1 1 4.3e-06 0 (0.433245 -0.00155677 0.00981084) 2650 76.6211 0 (0 0 0) (0 0 0)
5.890000e+02	1 (0 0.339116 0.555659 0.105225) (23.5 0.472734 1.13326) 427 22714 1 22714 0.451622 5 11309 1 -1 1 4.3e-06 0 (0.429289 -0.0058157 0.0101388) 2650 76.4516 0 (0 0 0) (0 0 0)
5.890000e+02	1 (0 0.224605 0.247481 0.527915) (23.5 0.401752 1.16243) 426 22713 1 22713 0.867623 5 11307 1 -1 1 4.3e-06 0 (0.42491 -0.00784778 0.0106513) 2650 76.8676 0 (0 0 0) (0 0 0)
5.890000e+02	1 (0 0.34602 0.24807 0.40591) (23.5 0.780261 1.51785) 364 22775 1 22775 0.603842 5 12034 1 -1 1 4.3e-06 0 (0.413271 -0.0216628 0.00101508) 2650 76.6038 0 (0 0 0) (0 0 0)
5.890000e+02	1 (0 0.208292 0.459064 0.332644) (23.5 0.769833 1.32461) 407 22758 2 22758 0.511543 5 4852 1 -1 1 7.5e-05 0 (0.431311 -0.00956799 0.000163277) 2650 83.5115 0 (0 0 0) (0 0 0)
5.890000e+02	1 (0 0.252874 0.478195 0.268931) (23.5 0.790846 1.28674) 407 22758 1 22758 0.919042 5 12211 1 -1 1 4.3e-06 0 (0.433595 -0.00635911 0.0091384) 2650 76.919 0 (0 0 0) (0 0 0)
5.890000e+02	1 (0 0.215356 0.439731 0.344913) (23.5 0.793548 1.29224) 407 22758 1 22758 0.787652 5 10192 1 -1 1 8.9e-06 0 (0.433258 -0.00684665 0.00910124) 2650 78.7877 0 (0 0 0) (0 0 0)
5.890000e+02	1 (0 0.722697 0.111184 0.166119) (23.5 0.602531 1.207) 414 22752 1 22752 0.502798 5 12085 1 -1 1 4.3e-06 0 (0.432104 -0.00366555 0.00247703) 2650 76.5028 0 (0 0 0) (0 0 0)
5.890000e+02	1 (0 0.306937 0.597092 0.0959718) (23.5 0.387478 1.24503) 417 22727 2 22727 0.736051 5 11446 1 -1 1 4.3e-06 0 (0.419972 -0.00565676 0.00646016) 2650 76.7361 0 (0 0 0) (0 0 0)
5.890000e+02	1 (0 0.530873 0.357281 0.111846) (23.5 0.528721 1.37258) 391 22759 2 22759 0.875901 5 9421 1 -1 1 8.9e-06 0 (0.417345 -0.00380067 -0.00453926) 2650 78.8759 0 (0 0 0) (0 0 0)
5.890000e+02	1 (0 0.441446 0.364972 0.193582) (23.5 0.624686 1.13937) 429 22742 1 22742 0.978119 5 9291 1 -1 1 8.9e-06 0 (0.435886 0.000499337 0.00830821) 2650 78.9781 0 (0 0 0) (0 0 0)
5.890000e+02	1 (0 0.599706 0.25867 0.141623) (23.5 0.44038 1.15362) 427 22714 2 22714 0.904511 5 11336 1 -1 1 4.3e-06 0 (0.426882 -0.00709793 0.00960879) 2650 76.9045 0 (0 0 0) (0 0 0)
5.890000e+02	1 (0 0.630276 0.0162772 0.353447) (23.5 0.688266 1.22055) 413 22755 1 22755 0.966113 5 12021 1 -1 1 4.3e-06 0 (0.435196 -0.00277357 0.00410179) 2650 76.9661 0 (0 0 0) (0 0 0)
5.890000e+02	1 (0 0.398684 0.0260079 0.575309) (23.5 0.661916 1.23843) 413 22755 2 22755 0.90743 5 12130 1 -1 1 4.3e-06 0 (0.433311 -0.00376747 0.00142315) 2650 76.9074 0 (0 0 0) (0 0 0)
5.890000e+02	1 (0 0.40083 0.0396406 0.55953) (23.5 0.662962 1.23828) 413 22755 2 22755 0.928862 5 12162 1 -1 1 4.3e-06 0 (0.433359 -0.00375652 0.00149336) 2650 76.9289 0 (0 0 0) (0 0 0)
5.900000e+02	1 (0 0.491841 0.277017 0.231142) (23.5 0.977085 1.30312) 199 22779 2 22779 0.701178 5 12183 1 -1 1 4.3e-06 0 (0.37458 -0.00136223 0.0382829) 2650 77.7012 0 (0 0 0) (0 0 0)
5.900000e+02	1 (0 0.363397 0.5978 0.0388027) (23.5 0.98957 1.08455) 189 22848 2 22848 0.889072 5 4726 1 -1 1 7.5e-05 0 (0.287688 0.00291087 0.0200565) 2650 84.8891 0 (0 0 0) (0 0 0)
5.900000e+02	1 (0 0.164303 0.444049 0.391648) (23.5 0.965824 1.16831) 193 22852 1 22852 0.305083 5 4921 1 -1 1 7.5e-05 0 (0.394236 0.0033416 0.0379833) 2650 84.3051 0 (0 0 0) (0 0 0)
5.900000e+02	1 (0 0.270415 0.472291 0.257294) (23.5 0.951751 1.21481) 197 22783 2 22783 0.28967 5 9845 1 -1 1 8.9e-06 0 (0.409404 0.00187398 0.0414318) 2650 79.2897 0 (0 0 0) (0 0 0)
5.900000e+02	1 (0 0.161502 0.0639625 0.774535) (23.5 0.202796 1.48011) 371 22844 2 22844 0.198921 5 4422 1 -1 1 7.5e-05 0 (0.407352 0.0167704 0.00204691) 2650 84.1989 0 (0 0 0) (0 0 0)
5.900000e+02	1 (0 0.0615832 0.579328 0.359089) (23.5 0.233451 1.47197) 376 22733 2 22733 0.699493 5 4486 1 -1 1 7.5e-05 0 (0.407696 0.017326 0.00180319) 2650 84.6995 0 (0 0 0) (0 0 0)
5.900000e+02	1 (0 0.0323702 0.0666146 0.901015) (23.5 0.189253 1.40264) 396 22720 1 22720 0.2876 5 4176 1 -1 1 7.5e-05 0 (0.410823 0.00900722 0.00985291) 2650 84.2876 0 (0 0 0) (0 0 0)
5.900000e+02	1 (0 0.130826 0.725609 0.143566) (23.5 0.944104 1.53077) 209 22861 1 22861 0.245017 5 10193 1 -1 1 8.9e-06 0 (0.390392 -0.00690464 0.000997025) 2650 79.245 0 (0 0 0) (0 0 0)
5.900000e+02	1 (0 0.362058 0.0458047 0.592137) (23.5 0.916393 1.10035) 434 22748 1 22748 0.320183 5 2911 1 -1 1 0.00015 0 (0.413315 0.012416 0.0205211) 2650 86.3202 0 (0 0 0) (0 0 0)
5.900000e+02	1 (0 0.422658 0.0799179 0.497424) (23.5 0.912554 1.09414) 434 22748 1 22748 0.236055 5 2975 1 -1 1 0.00015 0 (0.413168 0.0132299 0.0197898) 2650 86.2361 0 (0 0 0) (0 0 0)
5.900000e+02	1 (0 0.388487 0.0803411 0.531172) (23.5 0.128823 1.31142) 399 22718 2 22718 0.479029 5 9401 1 -1 1 8.9e-06 0 (0.41472 -0.000760626 0.0235196) 2650 79.479 0 (0 0 0) (0 0 0)
5.900000e+02	1 (0 0.574725 0.171351 0.253924) (23.5 0.152025 1.28568) 399 22718 1 22718 0.233137 5 11536 1 -1 1 4.3e-06 0 (0.416034 -0.00250657 0.0230578) 2650 77.2331 0 (0 0 0) (0 0 0)
5.900000e+02	1 (0 0.00396972 0.65442 0.34161) (23.5 0.101659 1.19532) 422 22705 2 22705 0.512308 5 11540 1 -1 1 4.3e-06 0 (0.417273 -0.00622431 0.0262383) 2650 77.5123 0 (0 0 0) (0 0 0)
5.900000e+02	1 (0 0.60432 0.0984703 0.297209) (23.5 0.150039 1.28882) 399 22718 1 22718 0.49763 5 11566 1 -1 1 4.3e-06 0 (0.415883 -0.0021949 0.0230471) 2650 77.4976 0 (0 0 0) (0 0 0)
5.900000e+02	1 (0 0.0495906 0.928534 0.021875) (23.5 0.118771 1.26376) 421 22715 2 22715 0.596565 5 11537 1 -1 1 4.3e-06 0 (0.416511 -0.00390839 0.025627) 2650 77.5966 0 (0 0 0) (0 0 0)
5.900000e+02	1 (0 0.321225 0.152472 0.526304) (23.5 0.201869 1.24415) 419 22723 2 22723 0.204415 5 9515 1 -1 1 8.9e-06 0 (0.417864 -0.00614337 0.0211728) 2650 79.2044 0 (0 0 0) (0 0 0)
5.900000e+02	1 (0 0.250615 0.449538 0.299847) (23.5 0.790505 1.08071) 436 22744 1 22744 0.567163 5 10117 1 -1 1 8.9e-06 0 (0.435596 0.0142515 0.020016) 2650 79.5672 0 (0 0 0) (0 0 0)
5.900000e+02	1 (0 0.659481 0.164462 0.176057) (23.5 0.831667 1.13859) 432 22749 1 22749 0.2379 5 12069 1 -1 1 4.3e-06 0 (0.435961 0.00680561 0.0218119) 2650 77.2379 0 (0 0 0) (0 0 0)
5.900000e+02	1 (0 0.864688 0.0860832 0.0492285) (23.5 0.430481 1.06423) 440 22712 1 22712 0.27574 5 11684 1 -1 1 4.3e-06 0 (0.425762 -0.0085317 0.0167335) 2650 77.2757 0 (0 0 0) (0 0 0)
5.900000e+02	1 (0 0.122623 0.799205 0.0781716) (23.5 0.18265 1.20094) 420 22716 1 22716 0.327508 5 11533 1 -1 1 4.3e-06 0 (0.419482 -0.00856048 0.0235272) 2650 77.3275 0 (0 0 0) (0 0 0)
5.900000e+02	1 (0 0.273623 0.707853 0.0185238) (23.5 0.2424 1.17628) 424 22709 2 22709 0.0847755 5 11480 1 -1 1 4.3e-06 0 (0.420231 -0.0103626 0.0202275) 2650 77.0848 0 (0 0 0) (0 0 0)
5.900000e+02	1 (0 0.260226 0.262 0.477774) (23.5 0.892649 1.10987) 434 22748 2 22748 0.794753 5 2846 1 -1 1 0.00015 0 (0.422625 0.0117863 0.0172792) 2650 86.7948 0 (0 0 0) (0 0 0)
5.900000e+02	1 (0 0.369681 0.161804 0.468514) (23.5 0.915918 1.09225) 434 22748 1 22748 0.97642 5 2781 1 -1 1 0.00015 0 (0.410848 0.0130001 0.0198031) 2650 86.9764 0 (0 0 0) (0 0 0)
5.900000e+02	1 (0 0.279375 0.567715 0.152911) (23.5 0.847249 1.17619) 432 22749 2 22749 0.181525 5 12038 1 -1 1 4.3e-06 0 (0.434241 0.00317795 0.0224504) 2650 77.1815 0 (0 0 0) (0 0 0)
5.900000e+02	1 (0 0.51131 0.278146 0.210544) (23.5 0.827594 1.1601) 432 22749 2 22749 0.208788 5 9990 1 -1 1 8.9e-06 0 (0.436288 0.00432484 0.0195891) 2650 79.2088 0 (0 0 0) (0 0 0)
5.900000e+02	1 (0 0.00329208 0.73017 0.266538) (23.5 0.736281 1.05469) 171 22829 2 22829 0.197906 5 4805 1 -1 1 7.5e-05 0 (0.432358 0.0161441 0.0135813) 2650 84.1979 0 (0 0 0) (0 0 0)
5.900000e+02	1 (0 0.322372 0.00953633 0.668092) (23.5 0.581157 1.10506) 438 22740 2 22740 0.0795516 5 9234 1 -1 1 8.9e-06 0 (0.433709 -0.00235717 0.0103205) 2650 79.0796 0 (0 0 0) (0 0 0)
5.900000e+02	1 (0 0.171603 0.708064 0.120334) (23.5 0.822755 1.52127) 363 22777 2 22777 0.0548351 5 11874 1 -1 1 4.3e-06 0 (0.414158 -0.016333 0.000983659) 2650 77.0548 0 (0 0 0) (0 0 0)
5.900000e+02	1 (0 0.355588 0.177785 0.466627) (23.5 0.821098 1.31388) 408 22769 2 22769 0.0270221 5 9908 1 -1 1 8.9e-06 0 (0.430634 -0.00856094 0.0080458) 2650 79.027 0 (0 0 0) (0 0 0)
5.900000e+02	1 (0 0.555964 0.0407616 0.403274) (23.5 0.343335 1.22707) 417 22727 2 22727 0.221577 5 11471 1 -1 1 4.3e-06 0 (0.419468 -0.00800472 0.0115114) 2650 77.2216 0 (0 0 0) (0 0 0)
5.900000e+02	1 (0 0.444246 0.380169 0.175585) (23.5 0.370271 1.23513) 417 22727 2 22727 0.113647 5 11447 1 -1 1 4.3e-06 0 (0.419472 -0.00747757 0.00917819) 2650 77.1136 0 (0 0 0) (0 0 0)
5.900000e+02	1 (0 0.0772727 0.227468 0.695259) (23.5 0.280934 1.18974) 425 22710 2 22710 0.300051 5 11481 1 -1 1 4.3e-06 0 (0.420676 -0.0103521 0.0175786) 2650 77.3001 0 (0 0 0) (0 0 0)
5.900000e+02	1 (0 0.947108 0.00812766 0.0447642) (23.5 0.423693 1.27043) 403 22730 1 22730 0.296337 5 11442 1 -1 1 4.3e-06 0 (0.418324 -0.00513741 0.00373184) 2650 77.2963 0 (0 0 0) (0 0 0)
5.900000e+02	1 (0 0.185753 0.495652 0.318595) (23.5 0.485065 1.14798) 427 22714 1 22714 0.0160304 5 11308 1 -1 1 4.3e-06 0 (0.428576 -0.00842543 0.00870063) 2650 77.016 0 (0 0 0) (0 0 0)
5.900000e+02	1 (0 0.388692 0.0100554 0.601253) (23.5 0.737317 1.31158) 407 22758 2 22758 0.09666 5 5044 1 -1 1 7.5e-05 0 (0.431197 -0.00788353 -0.00524423) 2650 84.0967 0 (0 0 0) (0 0 0)
5.900000e+02	1 (0 0.124439 0.244181 0.63138) (23.5 0.82507 1.40078) 387 22771 2 22771 0.142037 5 10129 1 -1 1 8.9e-06 0 (0.42234 -0.0149538 0.00469024) 2650 79.142 0 (0 0 0) (0 0 0)
5.900000e+02	1 (0 0.164324 0.465544 0.370132) (23.5 0.537507 1.25532) 415 22751 2 22751 0.0731587 5 12212 1 -1 1 4.3e-06 0 (0.424405 -0.00588057 -0.000538712) 2650 77.0732 0 (0 0 0) (0 0 0)
5.900000e+02	1 (0 0.705644 0.216781 0.0775754) (23.5 0.603734 1.13136) 429 22742 1 22742 0.00888179 5 5029 1 -1 1 7.5e-05 0 (0.434764 -0.00317567 0.00336624) 2650 84.0089 0 (0 0 0) (0 0 0)
5.900000e+02	1 (0 0.611473 0.233631 0.154896) (23.5 0.531255 1.13669) 428 22741 1 22741 0.182712 5 5062 1 -1 1 7.5e-05 0 (0.431296 -0.00671256 0.00372944) 2650 84.1827 0 (0 0 0) (0 0 0)
5.900000e+02	1 (0 0.0453604 0.458692 0.495947) (23.5 0.656309 1.23082) 414 22752 1 22752 0.0758967 5 12033 1 -1 1 4.3e-06 0 (0.432304 -0.00484327 0.000330418) 2650 77.0759 0 (0 0 0) (0 0 0)
5.900000e+02	1 (0 0.392556 0.129328 0.478115) (23.5 0.628761 1.22953) 414 22752 1 22752 0.0569312 5 12065 1 -1 1 4.3e-06 0 (0.431058 -0.00551061 0.000287418) 2650 77.0569 0 (0 0 0) (0 0 0)
5.900000e+02	1 (0 0.491616 0.299583 0.208802) (23.5 0.604326 1.2317) 414 22752 2 22752 0.0731547 5 12097 1 -1 1 4.3e-06 0 (0.429605 -0.00573264 2.14709e-05) 2650 77.0732 0 (0 0 0) (0 0 0)
5.900000e+02	1 (0 0.478688 0.0392141 0.482098) (23.5 0.66292 1.23266) 413 22755 2 22755 0.0715798 5 12129 1 -1 1 4.3e-06 0 (0.432506 -0.0047995 0.000356192) 2650 77.0716 0 (0 0 0) (0 0 0)
5.900000e+02	1 (0 0.86024 0.0200448 0.119716) (23.5 0.582148 1.27732) 405 22754 2 22754 0.111256 5 12163 1 -1 1 4.3e-06 0 (0.425275 -0.00543271 -0.00286373) 2650 77.1113 0 (0 0 0) (0 0 0)
5.900000e+02	1 (0 0.204437 0.447745 0.347818) (23.5 0.694308 1.25247) 413 22755 2 22755 0.231724 5 12195 1 -1 1 4.3e-06 0 (0.432782 -0.00532206 0.000402304) 2650 77.2317 0 (0 0 0) (0 0 0)
5.900000e+02	1 (0 0.589639 0.0876741 0.322687) (23.5 0.613106 1.2183) 414 22752 1 22752 0.124293 5 12241 1 -1 1 4.3e-06 0 (0.430921 -0.00559139 0.000957929) 2650 77.1243 0 (0 0 0) (0 0 0)
5.900000e+02	1 (0 0.129728 0.676444 0.193828) (23.5 0.473964 1.18605) 427 22714 2 22714 0.197614 5 9317 1 -1 1 8.9e-06 0 (0.426103 -0.00845638 0.00615249) 2650 79.1976 0 (0 0 0) (0 0 0)
5.900000e+02	1 (0 0.986922 0.00770763 0.00537084) (23.5 0.420109 1.19594) 416 22728 2 22728 0.309958 5 11364 1 -1 1 4.3e-06 0 (0.423442 -0.00927452 0.00813687) 2650 77.31 0 (0 0 0) (0 0 0)
5.900000e+02	1 (0 0.706278 0.130828 0.162894) (23.5 0.523634 1.13724) 428 22741 1 22741 0.277978 5 9267 1 -1 1 8.9e-06 0 (0.430913 -0.0070895 0.00843386) 2650 79.278 0 (0 0 0) (0 0 0)
5.900000e+02	1 (0 0.200315 0.40919 0.390495) (23.5 0.483894 1.15294) 427 22714 1 22714 0.274417 5 11310 1 -1 1 4.3e-06 0 (0.428259 -0.00845348 0.00834277) 2650 77.2744 0 (0 0 0) (0 0 0)
5.900000e+02	1 (0 0.16417 0.459603 0.376227) (23.5 0.4868 1.15196) 427 22714 1 22714 0.330122 5 11311 1 -1 1 4.3e-06 0 (0.428436 -0.00835055 0.00831468) 2650 77.3301 0 (0 0 0) (0 0 0)
5.900000e+02	1 (0 0.419132 0.427488 0.15338) (23.5 0.1625 1.2784) 399 22718 1 22718 0.728815 5 9548 1 -1 1 8.9e-06 0 (0.416408 -0.00329255 0.0226737) 2650 79.7288 0 (0 0 0) (0 0 0)
5.900000e+02	1 (0 0.45799 0.0675575 0.474453) (23.5 0.127904 1.23447) 420 22716 2 22716 0.833694 5 11597 1 -1 1 4.3e-06 0 (0.417837 -0.00545015 0.0256095) 2650 77.8337 0 (0 0 0) (0 0 0)
5.900000e+02	1 (0 0.135761 0.646807 0.217432) (23.5 0.114845 1.21119) 421 22715 1 22715 0.870937 5 11507 1 -1 1 4.3e-06 0 (0.417867 -0.00608989 0.0261061) 2650 77.8709 0 (0 0 0) (0 0 0)
5.900000e+02	1 (0 0.172164 0.669291 0.158544) (23.5 0.112459 1.27874) 398 22717 1 22717 0.971148 5 11567 1 -1 1 4.3e-06 0 (0.415373 -0.00290744 0.0253804) 2650 77.9711 0 (0 0 0) (0 0 0)
5.900000e+02	1 (0 0.0489483 0.579151 0.3719) (23.5 0.162555 1.19204) 423 22706 2 22706 0.7695 5 11565 1 -1 1 4.3e-06 0 (0.419445 -0.00835291 0.0245117) 2650 77.7695 0 (0 0 0) (0 0 0)
5.900000e+02	1 (0 0.220713 0.540437 0.238849) (23.5 0.175997 1.21254) 420 22716 1 22716 0.937266 5 4553 1 -1 1 7.5e-05 0 (0.41898 -0.00766315 0.0188781) 2650 84.9373 0 (0 0 0) (0 0 0)
5.900000e+02	1 (0 0.549232 0.224463 0.226305) (23.5 0.35792 1.22755) 417 22727 2 22727 0.543932 5 11448 1 -1 1 4.3e-06 0 (0.41971 -0.00798571 0.0104329) 2650 77.5439 0 (0 0 0) (0 0 0)
5.900000e+02	1 (0 0.608198 0.136908 0.254894) (23.5 0.219692 1.14382) 424 22709 1 22709 0.744632 5 4209 1 -1 1 7.5e-05 0 (0.420387 -0.0109967 0.0176575) 2650 84.7446 0 (0 0 0) (0 0 0)
5.900000e+02	1 (0 0.281209 0.235833 0.482958) (23.5 0.845299 1.52192) 363 22777 1 22777 0.507173 5 11810 1 -1 1 4.3e-06 0 (0.411903 -0.0153987 0.00138451) 2650 77.5072 0 (0 0 0) (0 0 0)
5.900000e+02	1 (0 0.116597 0.266468 0.616934) (23.5 0.827026 1.33116) 408 22769 2 22769 0.696677 5 12179 1 -1 1 4.3e-06 0 (0.429188 -0.00971201 0.00822212) 2650 77.6967 0 (0 0 0) (0 0 0)
5.900000e+02	1 (0 0.147378 0.660539 0.192083) (23.5 0.472658 1.25654) 416 22728 2 22728 0.44385 5 5017 1 -1 1 7.5e-05 0 (0.421211 -0.00599333 -0.00284709) 2650 84.4438 0 (0 0 0) (0 0 0)
5.900000e+02	1 (0 0.238928 0.41426 0.346812) (23.5 0.791838 1.29238) 407 22758 1 22758 0.502536 5 9729 1 -1 1 8.9e-06 0 (0.432629 -0.00725371 0.00536737) 2650 79.5025 0 (0 0 0) (0 0 0)
5.900000e+02	1 (0 0.113617 0.00569229 0.88069) (23.5 0.737111 1.25905) 412 22756 2 22756 0.498133 5 12161 1 -1 1 4.3e-06 0 (0.434172 -0.005228 0.00182141) 2650 77.4981 0 (0 0 0) (0 0 0)
5.900000e+02	1 (0 0.252208 0.658793 0.088999) (23.5 0.7105 1.24903) 413 22755 2 22755 0.346798 5 12193 1 -1 1 4.3e-06 0 (0.433668 -0.00520345 0.00133216) 2650 77.3468 0 (0 0 0) (0 0 0)
5.900000e+02	1 (0 0.0149163 0.824603 0.160481) (23.5 0.735068 1.13716) 430 22745 1 22745 0.539815 5 4549 1 -1 1 7.5e-05 0 (0.438467 0.00319539 0.00590328) 2650 84.5398 0 (0 0 0) (0 0 0)
5.900000e+02	1 (0 0.0793475 0.434611 0.486041) (23.5 0.535015 1.26145) 415 22751 2 22751 0.510198 5 12180 1 -1 1 4.3e-06 0 (0.423828 -0.00567788 -0.0008639) 2650 77.5102 0 (0 0 0) (0 0 0)
5.900000e+02	1 (0 0.521252 0.0388934 0.439854) (23.5 0.58354 1.15903) 429 22742 2 22742 0.539662 5 9379 1 -1 1 8.9e-06 0 (0.432567 -0.00482598 0.0054508) 2650 79.5397 0 (0 0 0) (0 0 0)
5.900000e+02	1 (0 0.760913 0.14752 0.0915665) (23.5 0.438738 1.20161) 416 22728 1 22728 0.410149 5 11335 1 -1 1 4.3e-06 0 (0.423776 -0.00873496 0.00687352) 2650 77.4101 0 (0 0 0) (0 0 0)
5.900000e+02	1 (0 0.53363 0.323842 0.142529) (23.5 0.457095 1.13583) 427 22714 1 22714 0.374817 5 9233 1 -1 1 8.9e-06 0 (0.428033 -0.00947966 0.0106653) 2650 79.3748 0 (0 0 0) (0 0 0)
5.900000e+02	1 (0 0.6377 0.204473 0.157826) (23.5 0.43602 1.151) 427 22714 2 22714 0.503897 5 11314 1 -1 1 4.3e-06 0 (0.426356 -0.00998953 0.0104159) 2650 77.5039 0 (0 0 0) (0 0 0)
5.900000e+02	1 (0 0.0417256 0.0618756 0.896399) (23.5 0.416196 1.18785) 426 22713 1 22713 0.576578 5 11458 1 -1 1 4.3e-06 0 (0.423726 -0.00955367 0.0088715) 2650 77.5766 0 (0 0 0) (0 0 0)
5.900000e+02	1 (0 0.713998 0.0115215 0.27448) (23.5 0.80935 1.42857) 384 22773 2 22773 0.709097 5 10035 1 -1 1 8.9e-06 0 (0.421299 -0.0161748 0.00206831) 2650 79.7091 0 (0 0 0) (0 0 0)
5.900000e+02	1 (0 0.07325 0.31781 0.60894) (23.5 0.574625 1.31136) 404 22753 1 22753 0.422799 5 12098 1 -1 1 4.3e-06 0 (0.422392 -0.00463392 -0.00406322) 2650 77.4228 0 (0 0 0) (0 0 0)
5.900000e+02	1 (0 0.073744 0.333245 0.593011) (23.5 0.760877 1.26194) 412 22756 2 22756 0.746929 5 12243 1 -1 1 4.3e-06 0 (0.434192 -0.00529581 0.00400997) 2650 77.7469 0 (0 0 0) (0 0 0)
5.900000e+02	1 (0 0.582573 0.255923 0.161504) (23.5 0.360422 1.22515) 417 22727 2 22727 0.786378 5 9371 1 -1 1 8.9e-06 0 (0.419906 -0.00815349 0.0103119) 2650 79.7864 0 (0 0 0) (0 0 0)
5.900000e+02	1 (0 0.030815 0.828186 0.140999) (23.5 0.486158 1.26495) 416 22728 2 22728 0.894456 5 5049 1 -1 1 7.5e-05 0 (0.421139 -0.00554331 -0.00406165) 2650 84.8945 0 (0 0 0) (0 0 0)
5.900000e+02	1 (0 0.352368 0.0648522 0.58278) (23.5 0.585669 1.31417) 405 22754 2 22754 0.562528 5 12196 1 -1 1 4.3e-06 0 (0.422846 -0.00477996 -0.0043105) 2650 77.5625 0 (0 0 0) (0 0 0)
5.900000e+02	1 (0 0.199829 0.473552 0.326619) (23.5 0.538152 1.25275) 415 22751 2 22751 0.621205 5 12117 1 -1 1 4.3e-06 0 (0.424624 -0.00596443 -0.000392077) 2650 77.6212 0 (0 0 0) (0 0 0)
5.900000e+02	1 (0 0.645482 0.0928782 0.26164) (23.5 0.667019 1.22062) 413 22755 2 22755 0.954755 5 11989 1 -1 1 4.3e-06 0 (0.433339 -0.00445216 0.00133222) 2650 77.9548 0 (0 0 0) (0 0 0)
5.900000e+02	1 (0 0.472274 0.401902 0.125825) (23.5 0.612451 1.2331) 414 22752 2 22752 0.989404 5 11811 1 -1 1 4.3e-06 0 (0.429983 -0.00574935 -3.02717e-05) 2650 77.9894 0 (0 0 0) (0 0 0)
5.900000e+02	1 (0 0.44838 0.309103 0.242517) (23.5 0.683638 1.23485) 413 22755 2 22755 0.896671 5 11746 1 -1 1 4.3e-06 0 (0.433281 -0.00483528 0.00110819) 2650 77.8967 0 (0 0 0) (0 0 0)
