# Time         currentProc " (coordinates0 coordinates1 coordinates2 coordinates3) (position0 position1 position2) celli tetFacei tetPti facei stepFraction origProc origId active typeId nParticle d dTarget (U0 U1 U2) rho age tTurb (UTurb0 UTurb1 UTurb2) (UCorrect0 UCorrect1 UCorrect2)"
7.210000e+02	5 (0 0.792206 0.0991485 0.108645) (23.5 0.957665 1.12034) 1845 33057 1 33057 0.667989 0 5624 1 -1 1 4.3e-06 0 (0.488641 -0.0601809 0.19579) 2650 208.668 0 (0 0 0) (0 0 0)
7.210000e+02	5 (0 0.741185 0.1454 0.113416) (23.5 0.893032 1.2754) 1105 33007 1 33007 0.882053 0 5162 1 -1 1 6.4e-06 0 (0.524789 -0.00554518 0.247128) 2650 209.882 0 (0 0 0) (0 0 0)
7.220000e+02	5 (0 0.0800851 0.697584 0.222331) (23.5 0.475648 1.33375) 361 32969 2 32969 0.345005 0 2331 1 -1 1 7.5e-05 0 (0.534054 0.0221476 0.0567767) 2650 216.345 0 (0 0 0) (0 0 0)
7.220000e+02	5 (0 0.684026 0.149597 0.166377) (23.5 0.920947 1.00269) 2281 33052 2 33052 0.424064 0 2979 1 -1 1 5.3e-05 0 (0.356643 0.100795 0.0747392) 2650 215.424 0 (0 0 0) (0 0 0)
7.220000e+02	5 (0 0.839331 0.14442 0.0162495) (23.5 0.886866 1.26842) 1105 33007 1 33007 0.358004 0 3423 1 -1 1 3.26e-05 0 (0.516363 -0.0079141 0.233077) 2650 214.358 0 (0 0 0) (0 0 0)
7.230000e+02	5 (0 0.0876629 0.348793 0.563544) (23.5 0.761385 1.40337) 675 33001 2 33001 0.0701809 0 6640 1 -1 1 1.3e-06 0 (0.545318 -0.0265435 0.0271284) 2650 208.07 0 (0 0 0) (0 0 0)
7.230000e+02	5 (0 0.109596 0.462339 0.428065) (23.5 0.932544 1.36888) 949 33009 1 33009 0.257157 0 3964 1 -1 1 2.12e-05 0 (0.529265 0.0135012 0.135296) 2650 214.257 0 (0 0 0) (0 0 0)
7.230000e+02	5 (0 0.937608 0.0234656 0.0389266) (23.5 0.505014 1.41214) 280 33002 1 33002 0.631672 0 3766 1 -1 1 2.12e-05 0 (0.542492 0.0276491 0.0328789) 2650 214.632 0 (0 0 0) (0 0 0)
7.230000e+02	5 (0 0.47981 0.0156379 0.504553) (23.5 0.541912 1.23147) 561 32982 1 32982 0.919663 0 3695 1 -1 1 2.12e-05 0 (0.522149 0.0088717 0.100905) 2650 214.92 0 (0 0 0) (0 0 0)
7.230000e+02	5 (0 0.528959 0.391907 0.0791343) (23.5 0.900857 1.44036) 803 33011 2 33011 0.433271 0 4460 1 -1 1 1.25e-05 0 (0.544167 -0.00115998 0.130841) 2650 213.433 0 (0 0 0) (0 0 0)
7.230000e+02	5 (0 0.90526 0.0246646 0.0700757) (23.5 0.882566 1.20076) 1273 32993 1 32993 0.828233 0 3803 1 -1 1 2.12e-05 0 (0.510421 -0.0145649 0.180745) 2650 214.828 0 (0 0 0) (0 0 0)
7.240000e+02	5 (0 0.0420668 0.180161 0.777772) (23.5 0.878667 1.4872) 673 33077 2 33077 0.949613 0 3370 1 -1 1 3.26e-05 0 (0.54633 -0.017809 0.0899813) 2650 216.95 0 (0 0 0) (0 0 0)
7.240000e+02	5 (0 0.33986 0.514957 0.145183) (23.5 0.71039 1.34976) 559 33000 1 33000 0.216135 0 2443 1 -1 1 7.5e-05 0 (0.543702 0.0149048 0.0100567) 2650 218.216 0 (0 0 0) (0 0 0)
7.240000e+02	5 (0 0.104383 0.194934 0.700683) (23.5 0.491609 1.45611) 212 32975 1 32975 0.464388 0 5600 1 -1 1 4.3e-06 0 (0.544604 0.0261531 0.0221047) 2650 211.464 0 (0 0 0) (0 0 0)
7.240000e+02	5 (0 0.131094 0.644565 0.224341) (23.5 0.409065 1.21132) 362 32956 1 32956 0.810149 0 3369 1 -1 1 3.26e-05 0 (0.510977 -0.00236728 0.120963) 2650 216.81 0 (0 0 0) (0 0 0)
7.240000e+02	5 (0 0.583316 0.246007 0.170677) (23.5 0.45303 1.20745) 454 32957 1 32957 0.430931 0 3774 1 -1 1 2.12e-05 0 (0.512468 -0.00141093 0.121965) 2650 215.431 0 (0 0 0) (0 0 0)
7.240000e+02	5 (0 0.594951 0.244296 0.160753) (23.5 0.452094 1.20674) 454 32957 1 32957 0.443851 0 3895 1 -1 1 2.12e-05 0 (0.5123 -0.00167632 0.122347) 2650 215.444 0 (0 0 0) (0 0 0)
7.240000e+02	5 (0 0.672453 0.171171 0.156376) (23.5 0.445853 1.20643) 454 32957 1 32957 0.451474 0 3935 1 -1 1 2.12e-05 0 (0.51196 -0.0020931 0.12263) 2650 215.451 0 (0 0 0) (0 0 0)
7.240000e+02	5 (0 0.76069 0.0947229 0.144587) (23.5 0.438748 1.20558) 454 32957 1 32957 0.46685 0 3854 1 -1 1 2.12e-05 0 (0.511488 -0.00271399 0.123205) 2650 215.467 0 (0 0 0) (0 0 0)
7.240000e+02	5 (0 0.751165 0.0425063 0.206329) (23.5 0.520046 1.21002) 561 32982 1 32982 0.5694 0 2002 1 -1 1 7.5e-05 0 (0.516049 0.00364466 0.112555) 2650 218.569 0 (0 0 0) (0 0 0)
7.240000e+02	5 (0 0.862118 0.0318906 0.105992) (23.5 0.738764 1.34924) 675 33001 2 33001 0.593979 0 4823 1 -1 1 8.9e-06 0 (0.543844 0.0113407 0.0124269) 2650 213.594 0 (0 0 0) (0 0 0)
7.240000e+02	5 (0 0.0183492 0.21901 0.762641) (23.5 0.87525 1.17949) 1274 32990 1 32990 0.283536 0 2064 1 -1 1 7.5e-05 0 (0.506748 -0.0297826 0.168292) 2650 218.284 0 (0 0 0) (0 0 0)
7.250000e+02	5 (0 0.59059 0.107068 0.302342) (23.5 0.713534 1.5022) 358 33068 1 33068 0.287971 0 5342 1 -1 1 6.4e-06 0 (0.545968 -0.0218642 0.0023765) 2650 213.288 0 (0 0 0) (0 0 0)
7.250000e+02	5 (0 0.211393 0.0348876 0.753719) (23.5 0.193906 1.39462) 114 32966 2 32966 0.468608 0 4343 1 -1 1 1.25e-05 0 (0.530729 0.0307681 0.0614063) 2650 215.469 0 (0 0 0) (0 0 0)
7.250000e+02	5 (0 0.314763 0.39443 0.290807) (23.5 0.634943 1.28821) 560 32995 1 32995 0.655987 0 1403 1 -1 1 0.00015 0 (0.535072 0.0298549 0.0405583) 2650 221.656 0 (0 0 0) (0 0 0)
7.250000e+02	5 (0 0.606303 0.360452 0.0332444) (23.5 0.609163 1.22351) 677 32983 2 32983 0.823028 0 5253 1 -1 1 6.4e-06 0 (0.52231 0.0183544 0.0949327) 2650 213.823 0 (0 0 0) (0 0 0)
7.250000e+02	5 (0 0.21105 0.563131 0.225819) (23.5 0.464844 1.18068) 562 32955 2 32955 0.969789 0 4660 1 -1 1 8.9e-06 0 (0.507009 -0.00698689 0.135303) 2650 214.97 0 (0 0 0) (0 0 0)
