# Time         currentProc " (coordinates0 coordinates1 coordinates2 coordinates3) (position0 position1 position2) celli tetFacei tetPti facei stepFraction origProc origId active typeId nParticle d dTarget (U0 U1 U2) rho age tTurb (UTurb0 UTurb1 UTurb2) (UCorrect0 UCorrect1 UCorrect2)"
5.560000e+02	5 (0 0.534253 0.339487 0.12626) (23.5 0.975704 1.44484) 1103 33075 2 33075 0.6902 0 2168 1 -1 1 7.5e-05 0 (0.502678 -0.00820826 0.110858) 2650 50.6902 0 (0 0 0) (0 0 0)
5.560000e+02	5 (0 0.105682 0.762992 0.131326) (23.5 0.964571 1.46728) 1103 33075 1 33075 0.58502 0 2169 1 -1 1 7.5e-05 0 (0.509143 -0.0150232 0.0922673) 2650 50.585 0 (0 0 0) (0 0 0)
5.560000e+02	5 (0 0.622197 0.276167 0.101636) (23.5 0.953721 1.4691) 948 33076 1 33076 0.548989 0 2130 1 -1 1 7.5e-05 0 (0.511814 -0.0210105 0.0893073) 2650 50.549 0 (0 0 0) (0 0 0)
5.560000e+02	5 (0 0.00533806 0.501062 0.4936) (23.5 0.951052 1.33981) 1104 33073 2 33073 0.618346 0 2593 1 -1 1 5.3e-05 0 (0.505069 0.00567854 0.174312) 2650 49.6183 0 (0 0 0) (0 0 0)
5.560000e+02	5 (0 0.4329 0.335158 0.231942) (23.5 0.949566 1.3227) 1272 33066 1 33066 0.339002 0 2594 1 -1 1 5.3e-05 0 (0.505712 0.00807256 0.180281) 2650 49.339 0 (0 0 0) (0 0 0)
5.560000e+02	5 (0 0.367066 0.296379 0.336555) (23.5 0.919404 1.01137) 2281 33052 1 33052 0.055008 0 2646 1 -1 1 5.3e-05 0 (0.412974 0.0395666 0.191286) 2650 49.055 0 (0 0 0) (0 0 0)
5.560000e+02	5 (0 0.363071 0.577776 0.0591527) (23.5 0.91307 1.24125) 1273 32993 2 32993 0.264343 0 2815 1 -1 1 5.3e-05 0 (0.509074 0.0252966 0.194263) 2650 49.2643 0 (0 0 0) (0 0 0)
5.560000e+02	5 (0 0.21695 0.643609 0.139441) (23.5 0.917239 1.25169) 1273 32993 2 32993 0.397545 0 2816 1 -1 1 5.3e-05 0 (0.508936 0.0222534 0.194216) 2650 49.3975 0 (0 0 0) (0 0 0)
5.560000e+02	5 (0 0.532599 0.346042 0.121359) (23.5 0.954681 1.30577) 1272 33066 2 33066 0.931403 0 3115 1 -1 1 3.26e-05 0 (0.504984 0.0103966 0.186813) 2650 48.9314 0 (0 0 0) (0 0 0)
5.560000e+02	5 (0 0.53747 0.041229 0.421301) (23.5 0.911048 1.01882) 2057 33053 2 33053 0.54691 0 3184 1 -1 1 3.26e-05 0 (0.481411 0.0479702 0.219995) 2650 48.5469 0 (0 0 0) (0 0 0)
5.560000e+02	5 (0 0.15845 0.840622 0.00092746) (23.5 0.865354 1.06242) 1456 32988 1 32988 0.365285 0 4215 1 -1 1 1.25e-05 0 (0.492945 0.0433374 0.190593) 2650 46.3653 0 (0 0 0) (0 0 0)
5.560000e+02	5 (0 0.621532 0.292619 0.0858489) (23.5 0.0250498 1.13312) 82 33085 1 33085 0.834991 0 2025 1 -1 1 7.5e-05 0 (0.472481 0.0144833 0.215941) 2650 50.835 0 (0 0 0) (0 0 0)
5.560000e+02	5 (0 0.63017 0.141839 0.227991) (23.5 0.321371 1.0066) 811 33015 1 33015 0.0435558 0 3009 1 -1 1 3.26e-05 0 (0.359894 0.00486272 0.159787) 2650 48.0436 0 (0 0 0) (0 0 0)
5.560000e+02	5 (0 0.543947 0.329813 0.12624) (23.5 0.954903 1.37692) 1104 33073 2 33073 0.761973 0 2651 1 -1 1 5.3e-05 0 (0.506222 -0.000433599 0.158044) 2650 49.762 0 (0 0 0) (0 0 0)
5.560000e+02	5 (0 0.268712 0.236475 0.494813) (23.5 0.95722 1.28657) 1272 33066 2 33066 0.543613 0 3133 1 -1 1 3.26e-05 0 (0.504588 0.0119768 0.191063) 2650 48.5436 0 (0 0 0) (0 0 0)
5.560000e+02	5 (0 0.85577 0.119597 0.0246337) (23.5 0.885294 1.12896) 1455 32991 1 32991 0.636906 0 3236 1 -1 1 3.26e-05 0 (0.504857 0.0439483 0.192949) 2650 48.6369 0 (0 0 0) (0 0 0)
5.560000e+02	5 (0 0.199576 0.716739 0.0836846) (23.5 0.945959 1.07533) 1845 33057 2 33057 0.7853 0 3205 1 -1 1 3.26e-05 0 (0.481738 0.021216 0.22655) 2650 48.7853 0 (0 0 0) (0 0 0)
5.560000e+02	5 (0 0.116253 0.865157 0.0185906) (23.5 0.868189 1.06358) 1456 32988 1 32988 0.71712 0 4157 1 -1 1 1.25e-05 0 (0.492583 0.0427466 0.189981) 2650 46.7171 0 (0 0 0) (0 0 0)
5.560000e+02	5 (0 0.111125 0.844795 0.0440801) (23.5 0.868538 1.06523) 1456 32988 1 32988 0.713717 0 4196 1 -1 1 1.25e-05 0 (0.492864 0.0428719 0.189937) 2650 46.7137 0 (0 0 0) (0 0 0)
5.560000e+02	5 (0 0.183121 0.144541 0.672338) (23.5 0.897296 1.03485) 2057 33053 1 33053 0.230233 0 4166 1 -1 1 1.25e-05 0 (0.48635 0.0430884 0.20571) 2650 46.2302 0 (0 0 0) (0 0 0)
5.560000e+02	5 (0 0.438513 0.440926 0.120562) (23.5 0.904179 1.04912) 1846 33054 2 33054 0.0727144 0 4187 1 -1 1 1.25e-05 0 (0.482884 0.0425908 0.206181) 2650 46.0727 0 (0 0 0) (0 0 0)
5.560000e+02	5 (0 0.624745 0.134027 0.241228) (23.5 0.320379 1.0067) 811 33015 1 33015 0.75839 0 4548 1 -1 1 8.9e-06 0 (0.361006 0.00522788 0.161206) 2650 45.7584 0 (0 0 0) (0 0 0)
5.560000e+02	5 (0 0.350949 0.644664 0.00438727) (23.5 0.687597 1.01149) 1649 33043 2 33043 0.0328905 0 4607 1 -1 1 8.9e-06 0 (0.415881 0.0516622 0.181125) 2650 45.0329 0 (0 0 0) (0 0 0)
5.560000e+02	5 (0 0.406398 0.523554 0.0700478) (23.5 0.844095 1.10074) 1456 32988 2 32988 0.464331 0 4572 1 -1 1 8.9e-06 0 (0.504892 0.0541343 0.194309) 2650 45.4643 0 (0 0 0) (0 0 0)
5.560000e+02	5 (0 0.303581 0.452656 0.243763) (23.5 0.85566 1.07812) 1456 32988 1 32988 0.0489184 0 4593 1 -1 1 8.9e-06 0 (0.498429 0.0479457 0.193152) 2650 45.0489 0 (0 0 0) (0 0 0)
5.560000e+02	5 (0 0.157685 0.722219 0.120096) (23.5 0.86796 1.05862) 1647 33051 1 33051 0.883792 0 4594 1 -1 1 8.9e-06 0 (0.492792 0.0428661 0.191156) 2650 45.8838 0 (0 0 0) (0 0 0)
5.560000e+02	5 (0 0.00688507 0.832278 0.160837) (23.5 0.865195 1.0622) 1647 33051 1 33051 0.363536 0 4651 1 -1 1 8.9e-06 0 (0.492991 0.0433797 0.190747) 2650 45.3635 0 (0 0 0) (0 0 0)
5.560000e+02	5 (0 0.00367715 0.285585 0.710738) (23.5 0.827922 1.1267) 1456 32988 2 32988 0.549339 0 4552 1 -1 1 8.9e-06 0 (0.50558 0.0634298 0.181167) 2650 45.5493 0 (0 0 0) (0 0 0)
5.560000e+02	5 (0 0.422686 0.412912 0.164401) (23.5 0.836626 1.09964) 1456 32988 2 32988 0.5977 0 5150 1 -1 1 6.4e-06 0 (0.505028 0.056186 0.193453) 2650 44.5977 0 (0 0 0) (0 0 0)
5.560000e+02	5 (0 0.00147169 0.484349 0.514179) (23.5 0.808645 1.09538) 1275 32979 1 32979 0.0708117 0 5190 1 -1 1 6.4e-06 0 (0.505533 0.0638284 0.190186) 2650 44.0708 0 (0 0 0) (0 0 0)
5.560000e+02	5 (0 0.432943 0.0235797 0.543477) (23.5 0.810332 1.09881) 1456 32988 2 32988 0.164146 0 5170 1 -1 1 6.4e-06 0 (0.505544 0.0639344 0.189111) 2650 44.1641 0 (0 0 0) (0 0 0)
5.560000e+02	5 (0 0.232986 0.214609 0.552405) (23.5 0.438182 1.00383) 1111 33018 2 33018 0.931921 0 5048 1 -1 1 6.4e-06 0 (0.32175 0.0140105 0.140496) 2650 44.9319 0 (0 0 0) (0 0 0)
5.560000e+02	5 (0 0.11514 0.688942 0.195918) (23.5 0.509282 1.01228) 1278 33021 2 33021 0.034187 0 5548 1 -1 1 4.3e-06 0 (0.43376 0.0320005 0.184708) 2650 43.0342 0 (0 0 0) (0 0 0)
5.560000e+02	5 (0 0.135934 0.833053 0.0310128) (23.5 0.806797 1.05888) 1457 33048 1 33048 0.638439 0 5709 1 -1 1 4.3e-06 0 (0.505126 0.0569679 0.204081) 2650 43.6384 0 (0 0 0) (0 0 0)
5.560000e+02	5 (0 0.229802 0.127398 0.642799) (23.5 0.832897 1.05675) 1647 33051 1 33051 0.105108 0 5209 1 -1 1 6.4e-06 0 (0.500508 0.052129 0.199554) 2650 44.1051 0 (0 0 0) (0 0 0)
5.560000e+02	5 (0 0.331732 0.222147 0.446121) (23.5 0.761183 1.02242) 1648 33047 2 33047 0.588142 0 5127 1 -1 1 6.4e-06 0 (0.496977 0.0568063 0.215263) 2650 44.5881 0 (0 0 0) (0 0 0)
5.560000e+02	5 (0 0.30662 0.56193 0.131449) (23.5 0.635369 1.13555) 807 32981 1 32981 0.14106 0 4417 1 -1 1 1.25e-05 0 (0.518097 0.0630611 0.145237) 2650 46.1411 0 (0 0 0) (0 0 0)
5.560000e+02	5 (0 0.422794 0.22175 0.355456) (23.5 0.0507869 1.15172) 117 33086 1 33086 0.921626 0 4026 1 -1 1 1.25e-05 0 (0.48954 0.0261435 0.238965) 2650 46.9216 0 (0 0 0) (0 0 0)
5.560000e+02	5 (0 0.0418796 0.900402 0.0577184) (23.5 0.805624 1.13077) 1107 32985 1 32985 0.66665 0 4553 1 -1 1 8.9e-06 0 (0.50614 0.0685831 0.175972) 2650 45.6666 0 (0 0 0) (0 0 0)
5.560000e+02	5 (0 0.113603 0.155421 0.730976) (23.5 0.819158 1.11953) 1456 32988 2 32988 0.879429 0 5110 1 -1 1 6.4e-06 0 (0.505657 0.0648327 0.18248) 2650 44.8794 0 (0 0 0) (0 0 0)
5.560000e+02	5 (0 0.0255 0.116814 0.857686) (23.5 0.734219 1.11739) 1108 32978 1 32978 0.711381 0 5034 1 -1 1 6.4e-06 0 (0.511725 0.0678706 0.174194) 2650 44.7114 0 (0 0 0) (0 0 0)
5.560000e+02	5 (0 0.37351 0.106183 0.520308) (23.5 0.707666 1.09557) 1108 32978 1 32978 0.0458148 0 5649 1 -1 1 4.3e-06 0 (0.512281 0.067947 0.180086) 2650 43.0458 0 (0 0 0) (0 0 0)
5.560000e+02	5 (0 0.2408 0.146952 0.612248) (23.5 0.791187 1.10169) 1275 32979 1 32979 0.918978 0 5690 1 -1 1 4.3e-06 0 (0.506457 0.0662436 0.187195) 2650 43.919 0 (0 0 0) (0 0 0)
5.560000e+02	5 (0 0.426813 0.180708 0.392479) (23.5 0.777691 1.08745) 1275 32979 1 32979 0.612438 0 5616 1 -1 1 4.3e-06 0 (0.506905 0.0648215 0.192446) 2650 43.6124 0 (0 0 0) (0 0 0)
5.560000e+02	5 (0 0.30908 0.662724 0.028196) (23.5 0.336562 1.01232) 811 33015 1 33015 0.66527 0 5027 1 -1 1 6.4e-06 0 (0.437442 0.000716948 0.191381) 2650 44.6653 0 (0 0 0) (0 0 0)
5.560000e+02	5 (0 0.791616 0.13966 0.068724) (23.5 0.323193 1.0207) 681 33016 2 33016 0.00815117 0 5526 1 -1 1 4.3e-06 0 (0.511922 0.00507524 0.220285) 2650 43.0082 0 (0 0 0) (0 0 0)
5.560000e+02	5 (0 0.14048 0.502365 0.357155) (23.5 0.708859 1.05864) 1276 33045 1 33045 0.194878 0 6189 1 -1 1.00001 3.3e-06 0 (0.509668 0.0651119 0.197821) 2650 42.1949 0 (0 0 0) (0 0 0)
5.560000e+02	5 (0 0.50649 0.22245 0.27106) (23.5 0.697502 1.07946) 1108 32978 1 32978 0.404838 0 6133 1 -1 1.00001 3.3e-06 0 (0.512064 0.0673963 0.186092) 2650 42.4048 0 (0 0 0) (0 0 0)
5.560000e+02	5 (0 0.665615 0.247736 0.0866496) (23.5 0.685357 1.06754) 1108 32978 1 32978 0.118263 0 6134 1 -1 1.00001 3.3e-06 0 (0.51221 0.0672858 0.189718) 2650 42.1183 0 (0 0 0) (0 0 0)
5.560000e+02	5 (0 0.610177 0.168841 0.220981) (23.5 0.689598 1.07622) 1108 32978 1 32978 0.253517 0 6152 1 -1 1.00001 3.3e-06 0 (0.512409 0.0676621 0.186267) 2650 42.2535 0 (0 0 0) (0 0 0)
5.560000e+02	5 (0 0.611275 0.24822 0.140504) (23.5 0.689503 1.07102) 1108 32978 1 32978 0.179421 0 6153 1 -1 1.00001 3.3e-06 0 (0.512128 0.0672795 0.188764) 2650 42.1794 0 (0 0 0) (0 0 0)
5.560000e+02	5 (0 0.67012 0.132908 0.196972) (23.5 0.68503 1.07466) 1108 32978 1 32978 0.159297 0 6171 1 -1 1.00001 3.3e-06 0 (0.512626 0.0678395 0.186214) 2650 42.1593 0 (0 0 0) (0 0 0)
5.560000e+02	5 (0 0.811074 0.0856607 0.103265) (23.5 0.572229 1.0217) 1110 33022 1 33022 0.343037 0 6048 1 -1 1.00001 3.3e-06 0 (0.506731 0.0506253 0.211087) 2650 42.343 0 (0 0 0) (0 0 0)
5.560000e+02	5 (0 0.702876 0.151359 0.145766) (23.5 0.757641 1.07144) 1275 32979 1 32979 0.975509 0 6115 1 -1 1.00001 3.3e-06 0 (0.507641 0.0635958 0.198207) 2650 42.9755 0 (0 0 0) (0 0 0)
5.560000e+02	5 (0 0.669795 0.145177 0.185028) (23.5 0.606615 1.13922) 807 32981 1 32981 0.631798 0 4896 1 -1 1 8.9e-06 0 (0.520236 0.0590502 0.139041) 2650 45.6318 0 (0 0 0) (0 0 0)
5.560000e+02	5 (0 0.210945 0.697699 0.0913562) (23.5 0.713092 1.11294) 1108 32978 2 32978 0.796864 0 5555 1 -1 1 4.3e-06 0 (0.512825 0.0683501 0.172415) 2650 43.7969 0 (0 0 0) (0 0 0)
5.560000e+02	5 (0 0.610537 0.217854 0.171609) (23.5 0.309587 1.02231) 681 33016 2 33016 0.342763 0 5525 1 -1 1 4.3e-06 0 (0.511848 0.00912952 0.219796) 2650 43.3428 0 (0 0 0) (0 0 0)
5.560000e+02	5 (0 0.0236031 0.641171 0.335226) (23.5 0.633735 1.03785) 1277 33041 1 33041 0.662048 0 6588 1 -1 1 1.3e-06 0 (0.510601 0.0618502 0.201895) 2650 41.662 0 (0 0 0) (0 0 0)
5.560000e+02	5 (0 0.794033 0.161739 0.0442274) (23.5 0.656908 1.0432) 1109 33042 1 33042 0.680328 0 6608 1 -1 1 1.3e-06 0 (0.510328 0.0656436 0.199246) 2650 41.6803 0 (0 0 0) (0 0 0)
5.560000e+02	5 (0 0.267822 0.292022 0.440157) (23.5 0.680623 1.04523) 1276 33045 2 33045 0.860417 0 6628 1 -1 1 1.3e-06 0 (0.509012 0.0654038 0.200399) 2650 41.8604 0 (0 0 0) (0 0 0)
5.560000e+02	5 (0 0.576568 0.371855 0.0515764) (23.5 0.614049 1.06524) 953 32977 1 32977 0.191194 0 6649 1 -1 1 1.3e-06 0 (0.516771 0.0621636 0.182023) 2650 41.1912 0 (0 0 0) (0 0 0)
5.560000e+02	5 (0 0.503665 0.245309 0.251026) (23.5 0.619792 1.07813) 953 32977 1 32977 0.466737 0 6650 1 -1 1 1.3e-06 0 (0.516981 0.062732 0.175811) 2650 41.4667 0 (0 0 0) (0 0 0)
5.560000e+02	5 (0 0.248775 0.213555 0.537669) (23.5 0.617658 1.03323) 1277 33041 1 33041 0.750498 0 6568 1 -1 1 1.3e-06 0 (0.509425 0.05899 0.204032) 2650 41.7505 0 (0 0 0) (0 0 0)
5.560000e+02	5 (0 0.469819 0.52528 0.0049007) (23.5 0.700255 1.06226) 1108 32978 1 32978 0.978308 0 6670 1 -1 1 1.3e-06 0 (0.51093 0.0659339 0.194897) 2650 41.9783 0 (0 0 0) (0 0 0)
5.560000e+02	5 (0 0.345534 0.360367 0.2941) (23.5 0.632347 1.08091) 953 32977 1 32977 0.722797 0 6613 1 -1 1 1.3e-06 0 (0.516278 0.064406 0.175504) 2650 41.7228 0 (0 0 0) (0 0 0)
5.560000e+02	5 (0 0.44804 0.436027 0.115933) (23.5 0.624246 1.0694) 953 32977 1 32977 0.398354 0 6632 1 -1 1 1.3e-06 0 (0.516287 0.0634911 0.180781) 2650 41.3984 0 (0 0 0) (0 0 0)
5.560000e+02	5 (0 0.920248 0.00843604 0.0713162) (23.5 0.660505 1.06707) 1108 32978 2 32978 0.659687 0 6651 1 -1 1 1.3e-06 0 (0.513789 0.0684226 0.185394) 2650 41.6597 0 (0 0 0) (0 0 0)
5.560000e+02	5 (0 0.186595 0.533434 0.279971) (23.5 0.595559 1.02877) 1277 33041 2 33041 0.899326 0 6548 1 -1 1 1.3e-06 0 (0.508681 0.0552731 0.206449) 2650 41.8993 0 (0 0 0) (0 0 0)
5.560000e+02	5 (0 0.533642 0.382497 0.0838605) (23.5 0.623192 1.04735) 1109 33042 2 33042 0.919446 0 5009 1 -1 1 6.4e-06 0 (0.513291 0.0615896 0.19393) 2650 44.9194 0 (0 0 0) (0 0 0)
5.560000e+02	5 (0 0.188497 0.483607 0.327896) (23.5 0.554061 1.05746) 954 33023 1 33023 0.494926 0 6529 1 -1 1 1.3e-06 0 (0.519453 0.0529768 0.183519) 2650 41.4949 0 (0 0 0) (0 0 0)
5.560000e+02	5 (0 0.472138 0.289614 0.238248) (23.5 0.462032 1.14286) 562 32955 1 32955 0.126097 0 6355 1 -1 1.00001 3.3e-06 0 (0.530741 0.0382305 0.126438) 2650 42.1261 0 (0 0 0) (0 0 0)
5.560000e+02	5 (0 0.483973 0.407677 0.10835) (23.5 0.801613 1.05064) 1457 33048 1 33048 0.671409 0 5688 1 -1 1 4.3e-06 0 (0.505288 0.0540911 0.205835) 2650 43.6714 0 (0 0 0) (0 0 0)
5.560000e+02	5 (0 0.144967 0.149459 0.705574) (23.5 0.746903 1.04191) 1457 33048 2 33048 0.88271 0 6148 1 -1 1.00001 3.3e-06 0 (0.504597 0.0601923 0.208811) 2650 42.8827 0 (0 0 0) (0 0 0)
5.560000e+02	5 (0 0.340278 0.250831 0.40889) (23.5 0.63277 1.1546) 807 32981 1 32981 0.99528 0 3357 1 -1 1 3.26e-05 0 (0.517443 0.0597734 0.132832) 2650 48.9953 0 (0 0 0) (0 0 0)
5.560000e+02	5 (0 0.527614 0.409393 0.0629931) (23.5 0.532964 1.15894) 678 32980 2 32980 0.586118 0 4936 1 -1 1 8.9e-06 0 (0.525317 0.0481161 0.119592) 2650 45.5861 0 (0 0 0) (0 0 0)
5.560000e+02	5 (0 0.778387 0.002861 0.218752) (23.5 0.580665 1.14172) 807 32981 2 32981 0.962631 0 5355 1 -1 1 6.4e-06 0 (0.522414 0.0562542 0.133402) 2650 44.9626 0 (0 0 0) (0 0 0)
5.560000e+02	5 (0 0.103541 0.522673 0.373786) (23.5 0.491673 1.15217) 562 32955 1 32955 0.571705 0 1937 1 -1 1 0.00011 0 (0.528743 0.0437066 0.111584) 2650 51.5717 0 (0 0 0) (0 0 0)
5.560000e+02	5 (0 0.185672 0.41344 0.400888) (23.5 0.485068 1.15403) 562 32955 1 32955 0.537907 0 1935 1 -1 1 0.00011 0 (0.529159 0.0422402 0.110214) 2650 51.5379 0 (0 0 0) (0 0 0)
5.560000e+02	5 (0 0.277405 0.120448 0.602147) (23.5 0.429206 1.17613) 562 32955 2 32955 0.634913 0 1896 1 -1 1 0.00011 0 (0.533014 0.0316278 0.0928091) 2650 51.6349 0 (0 0 0) (0 0 0)
5.560000e+02	5 (0 0.0720701 0.0697558 0.858174) (23.5 0.413785 1.18544) 455 32954 1 32954 0.766578 0 1958 1 -1 1 0.00011 0 (0.533864 0.0285467 0.0863642) 2650 51.7666 0 (0 0 0) (0 0 0)
5.560000e+02	5 (0 0.736085 0.0400265 0.223888) (23.5 0.521245 1.14188) 678 32980 1 32980 0.53807 0 5834 1 -1 1 4.3e-06 0 (0.526596 0.0482599 0.129758) 2650 43.5381 0 (0 0 0) (0 0 0)
5.560000e+02	5 (0 0.655151 0.0183754 0.326474) (23.5 0.501479 1.15018) 678 32980 2 32980 0.539081 0 5875 1 -1 1 4.3e-06 0 (0.528127 0.0455444 0.122479) 2650 43.5391 0 (0 0 0) (0 0 0)
5.560000e+02	5 (0 0.0274216 0.125136 0.847443) (23.5 0.417323 1.1847) 455 32954 1 32954 0.471218 0 5915 1 -1 1 4.3e-06 0 (0.533812 0.0293619 0.0957851) 2650 43.4712 0 (0 0 0) (0 0 0)
5.560000e+02	5 (0 0.668785 0.262403 0.0688126) (23.5 0.526641 1.13123) 678 32980 1 32980 0.704541 0 6317 1 -1 1.00001 3.3e-06 0 (0.526548 0.0501622 0.136721) 2650 42.7045 0 (0 0 0) (0 0 0)
5.560000e+02	5 (0 0.574793 0.135371 0.289836) (23.5 0.273739 1.29798) 214 32965 2 32965 0.0674113 0 2395 1 -1 1 7.5e-05 0 (0.539362 0.027465 0.0343446) 2650 50.0674 0 (0 0 0) (0 0 0)
5.560000e+02	5 (0 0.595304 0.124306 0.28039) (23.5 0.272886 1.29649) 214 32965 2 32965 0.10627 0 2415 1 -1 1 7.5e-05 0 (0.539473 0.0272082 0.0347321) 2650 50.1063 0 (0 0 0) (0 0 0)
5.560000e+02	5 (0 0.795071 0.186621 0.0183078) (23.5 0.515026 1.14057) 678 32980 2 32980 0.997862 0 6416 1 -1 1.00001 3.3e-06 0 (0.527097 0.0476158 0.130153) 2650 42.9979 0 (0 0 0) (0 0 0)
5.560000e+02	5 (0 0.587568 0.392813 0.0196191) (23.5 0.372856 1.1966) 362 32956 1 32956 0.558374 0 6435 1 -1 1.00001 3.3e-06 0 (0.535983 0.0228258 0.0843629) 2650 42.5584 0 (0 0 0) (0 0 0)
5.560000e+02	5 (0 0.177149 0.565188 0.257663) (23.5 0.326515 1.21375) 283 32953 1 32953 0.375284 0 6394 1 -1 1.00001 3.3e-06 0 (0.537672 0.0144955 0.0718956) 2650 42.3753 0 (0 0 0) (0 0 0)
5.560000e+02	5 (0 0.577496 0.00513632 0.417367) (23.5 0.419953 1.15552) 562 32955 2 32955 0.378493 0 6816 1 -1 1 1.3e-06 0 (0.533678 0.0303979 0.116084) 2650 41.3785 0 (0 0 0) (0 0 0)
5.560000e+02	5 (0 0.0566343 0.774055 0.169311) (23.5 0.250947 1.01684) 682 33090 1 33090 0.607379 0 4543 1 -1 1 8.9e-06 0 (0.49579 0.0163105 0.213597) 2650 45.6074 0 (0 0 0) (0 0 0)
5.560000e+02	5 (0 0.0371719 0.149625 0.813203) (23.5 0.342515 1.04187) 680 33014 2 33014 0.712622 0 5505 1 -1 1 4.3e-06 0 (0.5215 0.00508203 0.206579) 2650 43.7126 0 (0 0 0) (0 0 0)
5.560000e+02	5 (0 0.636647 0.146435 0.216917) (23.5 0.448803 1.07591) 679 32949 1 32949 0.404295 0 6515 1 -1 1 1.3e-06 0 (0.527048 0.035342 0.170079) 2650 41.4043 0 (0 0 0) (0 0 0)
5.560000e+02	5 (0 0.126789 0.808111 0.0650996) (23.5 0.184008 1.53187) 30 33034 1 33034 0.0575572 0 4339 1 -1 1 1.25e-05 0 (0.536482 0.0332881 0.00230911) 2650 46.0576 0 (0 0 0) (0 0 0)
5.560000e+02	5 (0 0.574034 0.297267 0.128698) (23.5 0.181501 1.5032) 30 33034 1 33034 0.0621126 0 4977 1 -1 1 8.9e-06 0 (0.536428 0.0352015 0.0110165) 2650 45.0621 0 (0 0 0) (0 0 0)
5.560000e+02	5 (0 0.301715 0.236426 0.461859) (23.5 0.159735 1.05511) 365 33089 1 33089 0.400931 0 3024 1 -1 1 3.26e-05 0 (0.494737 -0.0558554 0.134731) 2650 48.4009 0 (0 0 0) (0 0 0)
5.560000e+02	5 (0 0.449882 0.165909 0.384209) (23.5 0.0277263 1.5294) 2 33097 2 33097 0.111572 0 6518 1 -1 1 1.3e-06 0 (0.512686 0.00597877 0.00575913) 2650 41.1116 0 (0 0 0) (0 0 0)
5.560000e+02	5 (0 0.471303 0.12478 0.403917) (23.5 0.0272568 1.53203) 2 33097 2 33097 0.125636 0 5517 1 -1 1 4.3e-06 0 (0.512379 0.00604916 0.00431599) 2650 43.1256 0 (0 0 0) (0 0 0)
5.560000e+02	5 (0 0.377154 0.326395 0.296451) (23.5 0.0293479 1.51915) 2 33097 2 33097 0.155552 0 6537 1 -1 1 1.3e-06 0 (0.513694 0.00569915 0.0113315) 2650 41.1556 0 (0 0 0) (0 0 0)
5.560000e+02	5 (0 0.344899 0.387067 0.268034) (23.5 0.0300532 1.51527) 2 33097 2 33097 0.0956935 0 6558 1 -1 1 1.3e-06 0 (0.514158 0.00559531 0.0134381) 2650 41.0957 0 (0 0 0) (0 0 0)
5.560000e+02	5 (0 0.492804 0.0439729 0.463223) (23.5 0.0267332 1.53719) 2 33097 2 33097 0.304636 0 6017 1 -1 1.00001 3.3e-06 0 (0.512137 0.00619618 0.00151703) 2650 42.3046 0 (0 0 0) (0 0 0)
5.560000e+02	5 (0 0.490271 0.111192 0.398537) (23.5 0.0268713 1.5329) 2 33097 2 33097 0.292204 0 6516 1 -1 1 1.3e-06 0 (0.51207 0.00606779 0.00385927) 2650 41.2922 0 (0 0 0) (0 0 0)
5.560000e+02	5 (0 0.354745 0.370469 0.274786) (23.5 0.0298405 1.51633) 2 33097 2 33097 0.342945 0 6016 1 -1 1.00001 3.3e-06 0 (0.514013 0.00562329 0.0128535) 2650 42.3429 0 (0 0 0) (0 0 0)
5.560000e+02	5 (0 0.311229 0.494604 0.194167) (23.5 0.030848 1.5084) 2 33097 2 33097 0.3041 0 6019 1 -1 1.00001 3.3e-06 0 (0.514569 0.00540184 0.0171637) 2650 42.3041 0 (0 0 0) (0 0 0)
5.560000e+02	5 (0 0.335624 0.422052 0.242324) (23.5 0.0302793 1.51304) 2 33097 2 33097 0.412051 0 6536 1 -1 1 1.3e-06 0 (0.514262 0.00553175 0.0146528) 2650 41.4121 0 (0 0 0) (0 0 0)
5.560000e+02	5 (0 0.239617 0.608686 0.151696) (23.5 0.0323866 1.50112) 2 33097 2 33097 0.341027 0 6557 1 -1 1 1.3e-06 0 (0.515634 0.00521115 0.0211331) 2650 41.341 0 (0 0 0) (0 0 0)
5.560000e+02	5 (0 0.0115516 0.0854858 0.902963) (23.5 0.262627 1.33257) 159 32964 1 32964 0.476503 0 3953 1 -1 1 2.12e-05 0 (0.538694 0.038622 0.0330373) 2650 47.4765 0 (0 0 0) (0 0 0)
5.560000e+02	5 (0 0.154378 0.53682 0.308802) (23.5 0.328256 1.21743) 283 32953 1 32953 0.683556 0 6374 1 -1 1.00001 3.3e-06 0 (0.537643 0.0155538 0.0698514) 2650 42.6836 0 (0 0 0) (0 0 0)
5.560000e+02	5 (0 0.101375 0.685502 0.213124) (23.5 0.174412 1.5335) 30 33034 1 33034 0.369303 0 5958 1 -1 1 4.3e-06 0 (0.536427 0.0325141 0.00194145) 2650 43.3693 0 (0 0 0) (0 0 0)
5.560000e+02	5 (0 0.365519 0.472412 0.162069) (23.5 0.178622 1.51657) 30 33034 1 33034 0.521534 0 5479 1 -1 1 6.4e-06 0 (0.536429 0.0340329 0.00702325) 2650 44.5215 0 (0 0 0) (0 0 0)
5.560000e+02	5 (0 0.289715 0.421354 0.28893) (23.5 0.170208 1.52143) 30 33034 1 33034 0.690053 0 6437 1 -1 1.00001 3.3e-06 0 (0.536386 0.0331052 0.00558605) 2650 42.6901 0 (0 0 0) (0 0 0)
5.560000e+02	5 (0 0.0831655 0.0691632 0.847671) (23.5 0.0344369 1.48147) 2 33097 1 33097 0.700516 0 5599 1 -1 1 4.3e-06 0 (0.516808 0.00486615 0.0321114) 2650 43.7005 0 (0 0 0) (0 0 0)
5.560000e+02	5 (0 0.236149 0.683064 0.0807876) (23.5 0.0325523 1.49637) 2 33097 2 33097 0.60741 0 6098 1 -1 1.00001 3.3e-06 0 (0.515572 0.00506924 0.0237074) 2650 42.6074 0 (0 0 0) (0 0 0)
5.560000e+02	5 (0 0.433437 0.0105876 0.555975) (23.5 0.0278392 1.53932) 2 33097 2 33097 0.84091 0 6513 1 -1 1 1.3e-06 0 (0.51323 0.00628461 0.000366109) 2650 41.8409 0 (0 0 0) (0 0 0)
5.560000e+02	5 (0 0.430863 0.0499642 0.519172) (23.5 0.0279412 1.53681) 2 33097 2 33097 0.608871 0 6514 1 -1 1 1.3e-06 0 (0.51321 0.00620964 0.00173332) 2650 41.6089 0 (0 0 0) (0 0 0)
5.560000e+02	5 (0 0.128828 0.0477393 0.823433) (23.5 0.033922 1.48437) 2 33097 1 33097 0.88361 0 6117 1 -1 1.00001 3.3e-06 0 (0.516411 0.00487834 0.0304417) 2650 42.8836 0 (0 0 0) (0 0 0)
5.560000e+02	5 (0 0.448283 0.00690812 0.544809) (23.5 0.0275467 1.53956) 2 33097 2 33097 0.902221 0 6517 1 -1 1 1.3e-06 0 (0.512977 0.00628553 0.000238355) 2650 41.9022 0 (0 0 0) (0 0 0)
5.570000e+02	5 (0 0.139403 0.735598 0.124999) (23.5 0.885171 1.52297) 673 33077 2 33077 0.959004 0 1738 1 -1 1 0.00011 0 (0.514423 -0.067926 0.0127351) 2650 52.959 0 (0 0 0) (0 0 0)
5.570000e+02	5 (0 0.485167 0.360242 0.154591) (23.5 0.991047 1.32898) 1643 33064 1 33064 0.478768 0 2147 1 -1 1 7.5e-05 0 (0.389566 -0.00292239 0.142431) 2650 51.4788 0 (0 0 0) (0 0 0)
5.570000e+02	5 (0 0.710882 0.217775 0.0713432) (23.5 0.935337 1.4942) 673 33077 1 33077 0.358673 0 2150 1 -1 1 7.5e-05 0 (0.513923 -0.0384594 0.0592497) 2650 51.3587 0 (0 0 0) (0 0 0)
5.570000e+02	5 (0 0.666648 0.124179 0.209173) (23.5 0.95957 1.45357) 948 33076 2 33076 0.802038 0 2690 1 -1 1 5.3e-05 0 (0.508154 -0.0148941 0.10974) 2650 50.802 0 (0 0 0) (0 0 0)
5.570000e+02	5 (0 0.277479 0.382879 0.339642) (23.5 0.945806 1.38496) 1104 33073 1 33073 0.66102 0 2613 1 -1 1 5.3e-05 0 (0.505911 -0.00480523 0.158256) 2650 50.661 0 (0 0 0) (0 0 0)
5.570000e+02	5 (0 0.711176 0.210166 0.0786585) (23.5 0.0232506 1.13262) 82 33085 1 33085 0.118821 0 2006 1 -1 1 7.5e-05 0 (0.47187 0.0137033 0.222025) 2650 51.1188 0 (0 0 0) (0 0 0)
5.570000e+02	5 (0 0.906386 0.0440734 0.049541) (23.5 0.411823 1.00079) 956 33012 2 33012 0.749202 0 4568 1 -1 1 8.9e-06 0 (0.280336 0.0119711 0.124445) 2650 46.7492 0 (0 0 0) (0 0 0)
5.570000e+02	5 (0 0.0146901 0.00632022 0.97899) (23.5 0.420574 1.00011) 1111 33018 2 33018 0.657732 0 3011 1 -1 1 3.26e-05 0 (0.27052 0.0129078 0.120761) 2650 49.6577 0 (0 0 0) (0 0 0)
5.570000e+02	5 (0 0.0910828 0.565098 0.343819) (23.5 0.984168 1.1715) 2054 33058 1 33058 0.684107 0 2706 1 -1 1 5.3e-05 0 (0.474029 0.00284125 0.192472) 2650 50.6841 0 (0 0 0) (0 0 0)
5.570000e+02	5 (0 0.337742 0.640748 0.0215105) (23.5 0.969748 1.36289) 1271 33072 2 33072 0.775666 0 3152 1 -1 1 3.26e-05 0 (0.498902 0.00204653 0.171518) 2650 49.7757 0 (0 0 0) (0 0 0)
5.570000e+02	5 (0 0.394989 0.213372 0.391639) (23.5 0.970524 1.3114) 1453 33065 1 33065 0.0708384 0 3171 1 -1 1 3.26e-05 0 (0.497641 0.00632177 0.188856) 2650 49.0708 0 (0 0 0) (0 0 0)
5.570000e+02	5 (0 0.0651688 0.626679 0.308153) (23.5 0.916198 1.26254) 1273 32993 2 32993 0.0612498 0 2778 1 -1 1 5.3e-05 0 (0.506178 0.0209354 0.197163) 2650 50.0612 0 (0 0 0) (0 0 0)
5.570000e+02	5 (0 0.253026 0.606398 0.140576) (23.5 0.923762 1.27732) 1105 33007 1 33007 0.844828 0 3235 1 -1 1 3.26e-05 0 (0.506008 0.0170076 0.197564) 2650 49.8448 0 (0 0 0) (0 0 0)
5.570000e+02	5 (0 0.109921 0.832861 0.0572184) (23.5 0.964864 1.26288) 1644 33062 1 33062 0.466404 0 3633 1 -1 1 2.12e-05 0 (0.500621 0.0125365 0.201076) 2650 48.4664 0 (0 0 0) (0 0 0)
5.570000e+02	5 (0 0.147953 0.0759017 0.776146) (23.5 0.0189836 1.1175) 118 33079 2 33079 0.486567 0 3528 1 -1 1 2.12e-05 0 (0.465003 0.00885592 0.235818) 2650 48.4866 0 (0 0 0) (0 0 0)
5.570000e+02	5 (0 0.197995 0.72135 0.080655) (23.5 0.862715 1.06758) 1456 32988 1 32988 0.134758 0 4177 1 -1 1 1.25e-05 0 (0.490289 0.0462539 0.189531) 2650 47.1348 0 (0 0 0) (0 0 0)
5.570000e+02	5 (0 0.021542 0.767319 0.211139) (23.5 0.924936 1.19428) 1455 32991 2 32991 0.506761 0 4137 1 -1 1 1.25e-05 0 (0.508382 0.0249481 0.213785) 2650 47.5068 0 (0 0 0) (0 0 0)
5.570000e+02	5 (0 0.257214 0.495981 0.246804) (23.5 0.858772 1.07833) 1456 32988 1 32988 0.0172121 0 4573 1 -1 1 8.9e-06 0 (0.493756 0.0492752 0.190899) 2650 46.0172 0 (0 0 0) (0 0 0)
5.570000e+02	5 (0 0.217463 0.703392 0.0791449) (23.5 0.87072 1.05722) 1647 33051 1 33051 0.0941241 0 4612 1 -1 1 8.9e-06 0 (0.487884 0.0433978 0.18893) 2650 46.0941 0 (0 0 0) (0 0 0)
5.570000e+02	5 (0 0.117088 0.810666 0.0722462) (23.5 0.96481 1.12263) 2055 33056 1 33056 0.935698 0 3206 1 -1 1 3.26e-05 0 (0.498196 0.0104491 0.224298) 2650 49.9357 0 (0 0 0) (0 0 0)
5.570000e+02	5 (0 0.146649 0.709668 0.143683) (23.5 0.930119 1.07177) 1646 32989 1 32989 0.496821 0 4186 1 -1 1 1.25e-05 0 (0.477775 0.0278945 0.220726) 2650 47.4968 0 (0 0 0) (0 0 0)
5.570000e+02	5 (0 0.0311668 0.93842 0.0304135) (23.5 0.874393 1.01741) 2058 33049 1 33049 0.892342 0 4646 1 -1 1 8.9e-06 0 (0.483991 0.0538361 0.210359) 2650 46.8923 0 (0 0 0) (0 0 0)
5.570000e+02	5 (0 0.0185764 0.384101 0.597322) (23.5 0.901987 1.03826) 2057 33053 1 33053 0.0773337 0 4687 1 -1 1 8.9e-06 0 (0.480653 0.0446226 0.207064) 2650 46.0773 0 (0 0 0) (0 0 0)
5.570000e+02	5 (0 0.37893 0.111475 0.509595) (23.5 0.907851 1.03081) 2057 33053 1 33053 0.748341 0 4666 1 -1 1 8.9e-06 0 (0.479516 0.0457058 0.210676) 2650 46.7483 0 (0 0 0) (0 0 0)
5.570000e+02	5 (0 0.406294 0.287751 0.305955) (23.5 0.713402 1.01059) 1649 33043 1 33043 0.642778 0 5107 1 -1 1 6.4e-06 0 (0.401614 0.0540445 0.176603) 2650 45.6428 0 (0 0 0) (0 0 0)
5.570000e+02	5 (0 0.33009 0.192517 0.477393) (23.5 0.83256 1.02187) 1847 33050 2 33050 0.565083 0 5147 1 -1 1 6.4e-06 0 (0.495049 0.0522057 0.213526) 2650 45.5651 0 (0 0 0) (0 0 0)
5.570000e+02	5 (0 0.200902 0.689718 0.10938) (23.5 0.868688 1.0576) 1647 33051 1 33051 0.29841 0 5210 1 -1 1 6.4e-06 0 (0.488339 0.0439582 0.189386) 2650 45.2984 0 (0 0 0) (0 0 0)
5.570000e+02	5 (0 0.0105078 0.898308 0.0911839) (23.5 0.807912 1.13308) 1107 32985 1 32985 0.120613 0 4533 1 -1 1 8.9e-06 0 (0.502622 0.0721314 0.175611) 2650 46.1206 0 (0 0 0) (0 0 0)
5.570000e+02	5 (0 0.030502 0.789036 0.180462) (23.5 0.793343 1.1248) 1275 32979 2 32979 0.0125153 0 5051 1 -1 1 6.4e-06 0 (0.504167 0.0727531 0.177367) 2650 45.0125 0 (0 0 0) (0 0 0)
5.570000e+02	5 (0 0.293463 0.441732 0.264805) (23.5 0.856343 1.07949) 1456 32988 1 32988 0.965759 0 5091 1 -1 1 6.4e-06 0 (0.494644 0.0501819 0.191609) 2650 45.9658 0 (0 0 0) (0 0 0)
5.570000e+02	5 (0 0.397929 0.500573 0.101498) (23.5 0.84254 1.10128) 1456 32988 2 32988 0.10816 0 5130 1 -1 1 6.4e-06 0 (0.501641 0.0580768 0.19301) 2650 45.1082 0 (0 0 0) (0 0 0)
5.570000e+02	5 (0 0.210547 0.718565 0.0708882) (23.5 0.861871 1.06694) 1456 32988 1 32988 0.4774 0 5092 1 -1 1 6.4e-06 0 (0.490362 0.0463855 0.189849) 2650 45.4774 0 (0 0 0) (0 0 0)
5.570000e+02	5 (0 0.316343 0.395869 0.287787) (23.5 0.854812 1.08097) 1456 32988 1 32988 0.159615 0 5111 1 -1 1 6.4e-06 0 (0.495374 0.0508853 0.192051) 2650 45.1596 0 (0 0 0) (0 0 0)
5.570000e+02	5 (0 0.629262 0.263386 0.107351) (23.5 0.869214 1.02561) 1847 33050 1 33050 0.634868 0 5167 1 -1 1 6.4e-06 0 (0.491836 0.0513755 0.20732) 2650 45.6349 0 (0 0 0) (0 0 0)
5.570000e+02	5 (0 0.195715 0.759399 0.0448861) (23.5 0.862862 1.06526) 1456 32988 1 32988 0.429346 0 5131 1 -1 1 6.4e-06 0 (0.489724 0.0458015 0.189547) 2650 45.4293 0 (0 0 0) (0 0 0)
5.570000e+02	5 (0 0.476293 0.156213 0.367495) (23.5 0.819301 1.09606) 1456 32988 2 32988 0.129686 0 5691 1 -1 1 4.3e-06 0 (0.502437 0.0641296 0.191836) 2650 44.1297 0 (0 0 0) (0 0 0)
5.570000e+02	5 (0 0.0661455 0.479016 0.454838) (23.5 0.803949 1.09153) 1275 32979 1 32979 0.00122788 0 5635 1 -1 1 4.3e-06 0 (0.503057 0.0669219 0.191995) 2650 44.0012 0 (0 0 0) (0 0 0)
5.570000e+02	5 (0 0.513922 0.12815 0.357927) (23.5 0.841566 1.08546) 1456 32988 1 32988 0.423811 0 5654 1 -1 1 4.3e-06 0 (0.499798 0.0555197 0.195712) 2650 44.4238 0 (0 0 0) (0 0 0)
5.570000e+02	5 (0 0.352108 0.370309 0.277583) (23.5 0.85241 1.0803) 1456 32988 1 32988 0.705625 0 5671 1 -1 1 4.3e-06 0 (0.495838 0.051466 0.192698) 2650 44.7056 0 (0 0 0) (0 0 0)
5.570000e+02	5 (0 0.562289 0.21696 0.22075) (23.5 0.767864 1.07631) 1275 32979 1 32979 0.072608 0 6191 1 -1 1.00001 3.3e-06 0 (0.504937 0.0675281 0.196837) 2650 43.0726 0 (0 0 0) (0 0 0)
5.570000e+02	5 (0 0.522532 0.0793792 0.398089) (23.5 0.741855 1.09284) 1275 32979 2 32979 0.0232909 0 6170 1 -1 1.00001 3.3e-06 0 (0.507635 0.0699809 0.187227) 2650 43.0233 0 (0 0 0) (0 0 0)
5.570000e+02	5 (0 0.328603 0.190848 0.480548) (23.5 0.0114292 1.5279) 0 33096 2 33096 0.705497 0 4079 1 -1 1 1.25e-05 0 (0.460106 0.00553852 0.0066821) 2650 47.7055 0 (0 0 0) (0 0 0)
5.570000e+02	5 (0 0.59098 0.060837 0.348183) (23.5 0.765743 1.08456) 1275 32979 1 32979 0.245697 0 6194 1 -1 1.00001 3.3e-06 0 (0.505031 0.0692745 0.193473) 2650 43.2457 0 (0 0 0) (0 0 0)
5.570000e+02	5 (0 0.587639 0.207733 0.204628) (23.5 0.751145 1.08866) 1275 32979 2 32979 0.158066 0 6195 1 -1 1.00001 3.3e-06 0 (0.506489 0.0698307 0.190243) 2650 43.1581 0 (0 0 0) (0 0 0)
5.570000e+02	5 (0 0.651875 0.159639 0.188486) (23.5 0.747651 1.0845) 1275 32979 2 32979 0.0122544 0 6214 1 -1 1.00001 3.3e-06 0 (0.506621 0.0695119 0.19187) 2650 43.0123 0 (0 0 0) (0 0 0)
5.570000e+02	5 (0 0.617383 0.241061 0.141556) (23.5 0.753555 1.08675) 1275 32979 2 32979 0.121696 0 6234 1 -1 1.00001 3.3e-06 0 (0.506148 0.0697376 0.191426) 2650 43.1217 0 (0 0 0) (0 0 0)
5.570000e+02	5 (0 0.325891 0.408741 0.265368) (23.5 0.0115239 1.02299) 164 33114 1 33114 0.806308 0 4043 1 -1 1 1.25e-05 0 (0.400675 -0.0305941 0.20635) 2650 47.8063 0 (0 0 0) (0 0 0)
5.570000e+02	5 (0 0.165455 0.0313736 0.803171) (23.5 0.929105 1.18228) 1455 32991 1 32991 0.146502 0 4132 1 -1 1 1.25e-05 0 (0.507667 0.0242177 0.215374) 2650 47.1465 0 (0 0 0) (0 0 0)
5.570000e+02	5 (0 0.301199 0.606199 0.0926018) (23.5 0.895699 1.0305) 2057 33053 2 33053 0.942058 0 5187 1 -1 1 6.4e-06 0 (0.483632 0.0459467 0.205898) 2650 45.9421 0 (0 0 0) (0 0 0)
5.570000e+02	5 (0 0.252901 0.452916 0.294183) (23.5 0.0547256 1.14756) 117 33086 1 33086 0.553106 0 4545 1 -1 1 8.9e-06 0 (0.485848 0.0315771 0.238893) 2650 46.5531 0 (0 0 0) (0 0 0)
5.570000e+02	5 (0 0.363257 0.323505 0.313239) (23.5 0.851669 1.0826) 1456 32988 1 32988 0.912249 0 5670 1 -1 1 4.3e-06 0 (0.496555 0.0520846 0.192949) 2650 44.9122 0 (0 0 0) (0 0 0)
5.570000e+02	5 (0 0.106154 0.854029 0.0398165) (23.5 0.651225 1.12926) 807 32981 1 32981 0.498639 0 1814 1 -1 1 0.00011 0 (0.51514 0.0694231 0.141312) 2650 52.4986 0 (0 0 0) (0 0 0)
5.570000e+02	5 (0 0.185633 0.489421 0.324946) (23.5 0.644999 1.14884) 807 32981 1 32981 0.364715 0 4396 1 -1 1 1.25e-05 0 (0.514992 0.0650171 0.137895) 2650 47.3647 0 (0 0 0) (0 0 0)
5.570000e+02	5 (0 0.23874 0.410928 0.350332) (23.5 0.640799 1.15058) 807 32981 1 32981 0.517209 0 4416 1 -1 1 1.25e-05 0 (0.515299 0.0641819 0.136267) 2650 47.5172 0 (0 0 0) (0 0 0)
5.570000e+02	5 (0 0.809629 0.127121 0.06325) (23.5 0.669421 1.13961) 952 32984 2 32984 0.356977 0 4794 1 -1 1 8.9e-06 0 (0.513287 0.0691403 0.147934) 2650 46.357 0 (0 0 0) (0 0 0)
5.570000e+02	5 (0 0.121039 0.630443 0.248518) (23.5 0.650097 1.14359) 807 32981 1 32981 0.548099 0 4814 1 -1 1 8.9e-06 0 (0.514749 0.0665862 0.141807) 2650 46.5481 0 (0 0 0) (0 0 0)
5.570000e+02	5 (0 0.343411 0.546598 0.109991) (23.5 0.783802 1.13429) 1107 32985 1 32985 0.838186 0 5033 1 -1 1 6.4e-06 0 (0.504989 0.0716116 0.172598) 2650 45.8382 0 (0 0 0) (0 0 0)
5.570000e+02	5 (0 0.146111 0.646596 0.207293) (23.5 0.709163 1.11713) 1108 32978 2 32978 0.112255 0 5734 1 -1 1 4.3e-06 0 (0.511156 0.0719994 0.169268) 2650 44.1123 0 (0 0 0) (0 0 0)
5.570000e+02	5 (0 0.0798566 0.820207 0.0999365) (23.5 0.722438 1.12142) 1108 32978 2 32978 0.755437 0 5534 1 -1 1 4.3e-06 0 (0.510554 0.0720692 0.169985) 2650 44.7554 0 (0 0 0) (0 0 0)
5.570000e+02	5 (0 0.237475 0.089981 0.672544) (23.5 0.742666 1.11127) 1275 32979 2 32979 0.703373 0 6070 1 -1 1.00001 3.3e-06 0 (0.508517 0.0711972 0.178438) 2650 43.7034 0 (0 0 0) (0 0 0)
5.570000e+02	5 (0 0.210217 0.167028 0.622755) (23.5 0.748252 1.11304) 1275 32979 2 32979 0.792566 0 6090 1 -1 1.00001 3.3e-06 0 (0.508052 0.0713878 0.178185) 2650 43.7926 0 (0 0 0) (0 0 0)
5.570000e+02	5 (0 0.0415646 0.729632 0.228804) (23.5 0.805795 1.0769) 1275 32979 1 32979 0.65175 0 6172 1 -1 1.00001 3.3e-06 0 (0.502984 0.0640148 0.197905) 2650 43.6518 0 (0 0 0) (0 0 0)
5.570000e+02	5 (0 0.0535443 0.60967 0.336785) (23.5 0.804896 1.08389) 1275 32979 1 32979 0.82729 0 6175 1 -1 1.00001 3.3e-06 0 (0.503017 0.065409 0.195084) 2650 43.8273 0 (0 0 0) (0 0 0)
5.570000e+02	5 (0 0.316067 0.10803 0.575903) (23.5 0.785713 1.09933) 1275 32979 1 32979 0.832768 0 6176 1 -1 1.00001 3.3e-06 0 (0.503974 0.0701321 0.18826) 2650 43.8328 0 (0 0 0) (0 0 0)
5.570000e+02	5 (0 0.224962 0.191416 0.583622) (23.5 0.792347 1.09984) 1275 32979 1 32979 0.945131 0 6196 1 -1 1.00001 3.3e-06 0 (0.503632 0.0695941 0.188284) 2650 43.9451 0 (0 0 0) (0 0 0)
5.570000e+02	5 (0 0.0297274 0.640467 0.329806) (23.5 0.738294 1.05349) 1457 33048 2 33048 0.460602 0 6669 1 -1 1 1.3e-06 0 (0.504989 0.0670034 0.204515) 2650 42.4606 0 (0 0 0) (0 0 0)
5.570000e+02	5 (0 0.551881 0.214898 0.233221) (23.5 0.69404 1.07701) 1108 32978 1 32978 0.192938 0 6734 1 -1 1 1.3e-06 0 (0.510116 0.0717926 0.186263) 2650 42.1929 0 (0 0 0) (0 0 0)
5.570000e+02	5 (0 0.717536 0.279287 0.00317685) (23.5 0.756309 1.08029) 1275 32979 2 32979 0.923683 0 6714 1 -1 1 1.3e-06 0 (0.505535 0.069351 0.194845) 2650 42.9237 0 (0 0 0) (0 0 0)
5.570000e+02	5 (0 0.3127 0.639445 0.0478554) (23.5 0.634867 1.12981) 807 32981 1 32981 0.499541 0 1855 1 -1 1 0.00011 0 (0.516518 0.0672618 0.138663) 2650 52.4995 0 (0 0 0) (0 0 0)
5.570000e+02	5 (0 0.493185 0.461941 0.0448741) (23.5 0.62057 1.1296) 807 32981 1 32981 0.33725 0 1876 1 -1 1 0.00011 0 (0.517833 0.0655242 0.136785) 2650 52.3373 0 (0 0 0) (0 0 0)
5.570000e+02	5 (0 0.779917 0.147527 0.0725564) (23.5 0.676501 1.13153) 952 32984 1 32984 0.934854 0 1956 1 -1 1 0.00011 0 (0.513178 0.070633 0.145047) 2650 52.9349 0 (0 0 0) (0 0 0)
5.570000e+02	5 (0 0.32077 0.0592383 0.619991) (23.5 0.474204 1.16907) 562 32955 1 32955 0.131652 0 5895 1 -1 1 4.3e-06 0 (0.529773 0.0405966 0.109319) 2650 44.1317 0 (0 0 0) (0 0 0)
5.570000e+02	5 (0 0.428018 0.418691 0.153292) (23.5 0.546012 1.13703) 678 32980 1 32980 0.418297 0 6334 1 -1 1.00001 3.3e-06 0 (0.524185 0.0548706 0.133853) 2650 43.4183 0 (0 0 0) (0 0 0)
5.570000e+02	5 (0 0.379301 0.482438 0.138261) (23.5 0.696655 1.10205) 1108 32978 2 32978 0.854055 0 6590 1 -1 1 1.3e-06 0 (0.511206 0.0723377 0.174348) 2650 42.8541 0 (0 0 0) (0 0 0)
5.570000e+02	5 (0 0.148756 0.660212 0.191032) (23.5 0.488037 1.13962) 562 32955 1 32955 0.101764 0 6797 1 -1 1 1.3e-06 0 (0.528849 0.0463693 0.129095) 2650 42.1018 0 (0 0 0) (0 0 0)
5.570000e+02	5 (0 0.398235 0.350563 0.251202) (23.5 0.686564 1.10082) 1108 32978 2 32978 0.744065 0 6570 1 -1 1 1.3e-06 0 (0.511759 0.0722103 0.172747) 2650 42.7441 0 (0 0 0) (0 0 0)
5.570000e+02	5 (0 0.0884324 0.370846 0.540721) (23.5 0.729379 1.09691) 1108 32978 1 32978 0.888914 0 6631 1 -1 1 1.3e-06 0 (0.508858 0.0706398 0.183378) 2650 42.8889 0 (0 0 0) (0 0 0)
5.570000e+02	5 (0 0.532939 0.443128 0.0239328) (23.5 0.462405 1.02691) 955 33019 2 33019 0.729846 0 5008 1 -1 1 6.4e-06 0 (0.513246 0.0368158 0.207438) 2650 45.7298 0 (0 0 0) (0 0 0)
5.570000e+02	5 (0 0.159599 0.243448 0.596953) (23.5 0.371699 1.03506) 810 33013 1 33013 0.586951 0 6006 1 -1 1.00001 3.3e-06 0 (0.518399 0.017218 0.207456) 2650 43.587 0 (0 0 0) (0 0 0)
5.570000e+02	5 (0 0.729989 0.262452 0.00755945) (23.5 0.319057 1.04454) 564 33017 2 33017 0.245255 0 6524 1 -1 1 1.3e-06 0 (0.521663 0.00925044 0.20035) 2650 42.2453 0 (0 0 0) (0 0 0)
5.570000e+02	5 (0 0.374572 0.173202 0.452226) (23.5 0.369548 1.04242) 680 33014 2 33014 0.49291 0 6005 1 -1 1.00001 3.3e-06 0 (0.521046 0.0177999 0.202341) 2650 43.4929 0 (0 0 0) (0 0 0)
5.570000e+02	5 (0 0.724043 0.0703149 0.205642) (23.5 0.794836 1.04495) 1457 33048 1 33048 0.571049 0 6168 1 -1 1.00001 3.3e-06 0 (0.504077 0.0558985 0.206786) 2650 43.571 0 (0 0 0) (0 0 0)
5.570000e+02	5 (0 0.0455893 0.76305 0.191361) (23.5 0.400689 1.19205) 455 32954 2 32954 0.0455043 0 1957 1 -1 1 0.00011 0 (0.535843 0.0277618 0.0810836) 2650 52.0455 0 (0 0 0) (0 0 0)
5.570000e+02	5 (0 0.570198 0.187301 0.242502) (23.5 0.534587 1.14316) 678 32980 1 32980 0.567882 0 6436 1 -1 1.00001 3.3e-06 0 (0.524935 0.0525169 0.129409) 2650 43.5679 0 (0 0 0) (0 0 0)
5.570000e+02	5 (0 0.292167 0.0985343 0.609299) (23.5 0.396264 1.23902) 362 32956 1 32956 0.704416 0 2877 1 -1 1 5.3e-05 0 (0.535256 0.0244689 0.0609238) 2650 50.7044 0 (0 0 0) (0 0 0)
5.570000e+02	5 (0 0.0702753 0.245171 0.684554) (23.5 0.413945 1.17352) 455 32954 1 32954 0.39106 0 1934 1 -1 1 0.00011 0 (0.534653 0.0304101 0.0951839) 2650 52.3911 0 (0 0 0) (0 0 0)
5.570000e+02	5 (0 0.362098 0.265117 0.372786) (23.5 0.521346 1.17031) 678 32980 2 32980 0.869019 0 5416 1 -1 1 6.4e-06 0 (0.52589 0.0479273 0.110756) 2650 45.869 0 (0 0 0) (0 0 0)
5.570000e+02	5 (0 0.697993 0.238146 0.0638608) (23.5 0.443797 1.19977) 454 32957 1 32957 0.721774 0 5436 1 -1 1 6.4e-06 0 (0.532606 0.0336002 0.0874772) 2650 45.7218 0 (0 0 0) (0 0 0)
5.570000e+02	5 (0 0.322085 0.540485 0.13743) (23.5 0.393915 1.20507) 362 32956 1 32956 0.161057 0 5854 1 -1 1 4.3e-06 0 (0.536222 0.0263028 0.0817166) 2650 44.1611 0 (0 0 0) (0 0 0)
5.570000e+02	5 (0 0.36522 0.386498 0.248282) (23.5 0.551072 1.14355) 678 32980 1 32980 0.902093 0 6375 1 -1 1.00001 3.3e-06 0 (0.523637 0.0546761 0.130038) 2650 43.9021 0 (0 0 0) (0 0 0)
5.570000e+02	5 (0 0.389271 0.0875921 0.523137) (23.5 0.19773 1.45002) 78 32972 2 32972 0.00146334 0 6457 1 -1 1.00001 3.3e-06 0 (0.54042 0.0403369 0.0288828) 2650 43.0015 0 (0 0 0) (0 0 0)
5.570000e+02	5 (0 0.383524 0.443336 0.17314) (23.5 0.292881 1.04882) 564 33017 2 33017 0.466415 0 4507 1 -1 1 8.9e-06 0 (0.522687 0.0118212 0.194103) 2650 46.4664 0 (0 0 0) (0 0 0)
5.570000e+02	5 (0 0.251021 0.0423722 0.706607) (23.5 0.343413 1.24909) 362 32956 2 32956 0.882634 0 1857 1 -1 1 0.00011 0 (0.539603 0.0236542 0.0439092) 2650 52.8826 0 (0 0 0) (0 0 0)
5.570000e+02	5 (0 0.192098 0.297535 0.510368) (23.5 0.249777 1.37529) 114 32966 1 32966 0.518267 0 5933 1 -1 1 4.3e-06 0 (0.540799 0.0401031 0.0350997) 2650 44.5183 0 (0 0 0) (0 0 0)
5.570000e+02	5 (0 0.12271 0.348677 0.528613) (23.5 0.290047 1.25835) 283 32953 2 32953 0.50813 0 6414 1 -1 1.00001 3.3e-06 0 (0.542939 0.0194262 0.0494728) 2650 43.5081 0 (0 0 0) (0 0 0)
5.570000e+02	5 (0 0.0451097 0.660489 0.294401) (23.5 0.168994 1.53711) 30 33034 1 33034 0.162476 0 5917 1 -1 1 4.3e-06 0 (0.540588 0.0307074 0.000874927) 2650 44.1625 0 (0 0 0) (0 0 0)
5.570000e+02	5 (0 0.0535803 0.651367 0.295052) (23.5 0.168982 1.53657) 30 33034 1 33034 0.360753 0 5937 1 -1 1 4.3e-06 0 (0.540587 0.0307441 0.00104234) 2650 44.3608 0 (0 0 0) (0 0 0)
5.570000e+02	5 (0 0.0339049 0.0764023 0.889693) (23.5 0.189003 1.46855) 51 32963 1 32963 0.490848 0 4453 1 -1 1 1.25e-05 0 (0.540522 0.037526 0.023844) 2650 47.4908 0 (0 0 0) (0 0 0)
5.570000e+02	5 (0 0.807734 0.00864719 0.183619) (23.5 0.178799 1.48822) 30 33034 1 33034 0.381216 0 5954 1 -1 1 4.3e-06 0 (0.540513 0.0348825 0.015947) 2650 44.3812 0 (0 0 0) (0 0 0)
5.570000e+02	5 (0 0.524698 0.234848 0.240454) (23.5 0.17415 1.50637) 30 33034 1 33034 0.185566 0 6456 1 -1 1.00001 3.3e-06 0 (0.540542 0.033252 0.0103601) 2650 43.1856 0 (0 0 0) (0 0 0)
5.570000e+02	5 (0 0.0547345 0.642291 0.302975) (23.5 0.168477 1.53649) 30 33034 1 33034 0.442186 0 5938 1 -1 1 4.3e-06 0 (0.540587 0.0307087 0.00106515) 2650 44.4422 0 (0 0 0) (0 0 0)
5.570000e+02	5 (0 0.0300587 0.617822 0.352119) (23.5 0.165234 1.53807) 30 33034 1 33034 0.649728 0 5897 1 -1 1 4.3e-06 0 (0.540592 0.0303391 0.000577466) 2650 44.6497 0 (0 0 0) (0 0 0)
5.570000e+02	5 (0 0.225414 0.438542 0.336044) (23.5 0.166956 1.52555) 30 33034 1 33034 0.378278 0 6458 1 -1 1.00001 3.3e-06 0 (0.540574 0.0313453 0.00444519) 2650 43.3783 0 (0 0 0) (0 0 0)
5.570000e+02	5 (0 0.103379 0.498957 0.397664) (23.5 0.162568 1.53337) 30 33034 1 33034 0.945167 0 6438 1 -1 1.00001 3.3e-06 0 (0.540588 0.0304512 0.00203335) 2650 43.9452 0 (0 0 0) (0 0 0)
5.580000e+02	5 (0 0.179789 0.117181 0.703029) (23.5 0.980293 1.48794) 947 33109 2 33109 0.698413 0 1759 1 -1 1 0.00011 0 (0.500559 -0.0120607 0.069334) 2650 53.6984 0 (0 0 0) (0 0 0)
5.580000e+02	5 (0 0.296212 0.429004 0.274784) (23.5 0.790378 1.52101) 450 33069 1 33069 0.44431 0 1758 1 -1 1 0.00011 0 (0.500714 -0.103615 0.00659042) 2650 53.4443 0 (0 0 0) (0 0 0)
5.580000e+02	5 (0 0.278156 0.619816 0.102028) (23.5 0.934267 1.52208) 673 33077 1 33077 0.565712 0 1719 1 -1 1 0.00011 0 (0.513497 -0.044697 0.0167688) 2650 53.5657 0 (0 0 0) (0 0 0)
5.580000e+02	5 (0 0.511723 0.435781 0.052496) (23.5 0.872807 1.50705) 557 33070 1 33070 0.99807 0 2111 1 -1 1 7.5e-05 0 (0.511681 -0.0723086 0.0354651) 2650 52.9981 0 (0 0 0) (0 0 0)
5.580000e+02	5 (0 0.156912 0.825351 0.0177365) (23.5 0.943342 1.41915) 948 33076 2 33076 0.260367 0 2632 1 -1 1 5.3e-05 0 (0.506147 -0.0144844 0.141426) 2650 51.2604 0 (0 0 0) (0 0 0)
5.580000e+02	5 (0 0.348031 0.344917 0.307053) (23.5 0.898182 1.4978) 673 33077 2 33077 0.466739 0 2072 1 -1 1 7.5e-05 0 (0.512359 -0.0587715 0.0520143) 2650 52.4667 0 (0 0 0) (0 0 0)
5.580000e+02	5 (0 0.369452 0.352755 0.277793) (23.5 0.835666 1.00631) 2058 33049 2 33049 0.932878 0 3685 1 -1 1 2.12e-05 0 (0.346916 0.0396207 0.156068) 2650 49.9329 0 (0 0 0) (0 0 0)
5.580000e+02	5 (0 0.0271162 0.970821 0.00206281) (23.5 0.93751 1.47376) 803 33011 2 33011 0.685559 0 2671 1 -1 1 5.3e-05 0 (0.511852 -0.0348257 0.0920514) 2650 51.6856 0 (0 0 0) (0 0 0)
5.580000e+02	5 (0 0.825141 0.0729571 0.101902) (23.5 0.960552 1.04245) 2056 33107 1 33107 0.688381 0 2583 1 -1 1 5.3e-05 0 (0.472969 0.025564 0.233548) 2650 51.6884 0 (0 0 0) (0 0 0)
5.580000e+02	5 (0 0.0163798 0.212231 0.771389) (23.5 0.962754 1.42392) 1103 33075 1 33075 0.812528 0 3116 1 -1 1 3.26e-05 0 (0.503236 -0.00844395 0.142041) 2650 50.8125 0 (0 0 0) (0 0 0)
5.580000e+02	5 (0 0.0803886 0.302242 0.617369) (23.5 0.984015 1.22232) 1843 33061 1 33061 0.540403 0 3208 1 -1 1 3.26e-05 0 (0.474672 0.00339059 0.195067) 2650 50.5404 0 (0 0 0) (0 0 0)
5.580000e+02	5 (0 0.027029 0.581559 0.391412) (23.5 0.953485 1.06141) 2056 33107 1 33107 0.481576 0 3101 1 -1 1 3.26e-05 0 (0.472274 0.0214599 0.237675) 2650 50.4816 0 (0 0 0) (0 0 0)
5.580000e+02	5 (0 0.219175 0.567479 0.213346) (23.5 0.96699 1.32428) 1453 33065 1 33065 0.45636 0 3677 1 -1 1 2.12e-05 0 (0.496474 0.00675308 0.191466) 2650 49.4564 0 (0 0 0) (0 0 0)
5.580000e+02	5 (0 0.218584 0.711987 0.0694285) (23.5 0.944637 1.05548) 2056 33107 2 33107 0.0778901 0 3705 1 -1 1 2.12e-05 0 (0.466982 0.029997 0.229638) 2650 49.0779 0 (0 0 0) (0 0 0)
5.580000e+02	5 (0 0.132922 0.488418 0.378659) (23.5 0.965302 1.2398) 1644 33062 1 33062 0.48721 0 4114 1 -1 1 1.25e-05 0 (0.499426 0.0129082 0.211193) 2650 48.4872 0 (0 0 0) (0 0 0)
5.580000e+02	5 (0 0.404972 0.45763 0.137398) (23.5 0.931702 1.03027) 2057 33053 1 33053 0.761017 0 4185 1 -1 1 1.25e-05 0 (0.467644 0.0488272 0.223956) 2650 48.761 0 (0 0 0) (0 0 0)
5.580000e+02	5 (0 0.297439 0.489774 0.212787) (23.5 0.856067 1.07611) 1456 32988 1 32988 0.12552 0 5073 1 -1 1 6.4e-06 0 (0.489656 0.0507121 0.190101) 2650 46.1255 0 (0 0 0) (0 0 0)
5.580000e+02	5 (0 0.236558 0.665541 0.0979014) (23.5 0.860131 1.06868) 1456 32988 1 32988 0.0574809 0 5672 1 -1 1 4.3e-06 0 (0.486599 0.0477008 0.188767) 2650 45.0575 0 (0 0 0) (0 0 0)
5.580000e+02	5 (0 0.191849 0.788701 0.0194502) (23.5 0.863116 1.06361) 1456 32988 1 32988 0.0301458 0 5692 1 -1 1 4.3e-06 0 (0.484448 0.045577 0.187778) 2650 45.0301 0 (0 0 0) (0 0 0)
5.580000e+02	5 (0 0.283693 0.502956 0.213351) (23.5 0.856989 1.07615) 1456 32988 1 32988 0.309106 0 5072 1 -1 1 6.4e-06 0 (0.489384 0.0504199 0.189823) 2650 46.3091 0 (0 0 0) (0 0 0)
5.580000e+02	5 (0 0.0407868 0.602472 0.356741) (23.5 0.739499 1.01075) 1848 33046 2 33046 0.890575 0 5607 1 -1 1 4.3e-06 0 (0.401541 0.0574268 0.178133) 2650 45.8906 0 (0 0 0) (0 0 0)
5.580000e+02	5 (0 0.082147 0.571831 0.346022) (23.5 0.785447 1.0164) 1848 33046 1 33046 0.715553 0 5627 1 -1 1 4.3e-06 0 (0.475101 0.0580237 0.208092) 2650 45.7156 0 (0 0 0) (0 0 0)
5.580000e+02	5 (0 0.0684521 0.769005 0.162543) (23.5 0.865093 1.06073) 1647 33051 1 33051 0.315916 0 5673 1 -1 1 4.3e-06 0 (0.483905 0.0448633 0.187698) 2650 45.3159 0 (0 0 0) (0 0 0)
5.580000e+02	5 (0 0.397596 0.174998 0.427406) (23.5 0.849385 1.09) 1456 32988 1 32988 0.745308 0 5071 1 -1 1 6.4e-06 0 (0.495089 0.0560374 0.192355) 2650 46.7453 0 (0 0 0) (0 0 0)
5.580000e+02	5 (0 0.616525 0.264673 0.118802) (23.5 0.0435735 1.15354) 117 33086 2 33086 0.410818 0 4564 1 -1 1 8.9e-06 0 (0.490704 0.0266697 0.232048) 2650 47.4108 0 (0 0 0) (0 0 0)
5.580000e+02	5 (0 0.248009 0.656375 0.095616) (23.5 0.859362 1.06853) 1456 32988 1 32988 0.980084 0 5611 1 -1 1 4.3e-06 0 (0.486796 0.0479178 0.188997) 2650 45.9801 0 (0 0 0) (0 0 0)
5.580000e+02	5 (0 0.128936 0.722429 0.148634) (23.5 0.866039 1.0593) 1647 33051 1 33051 0.965373 0 5631 1 -1 1 4.3e-06 0 (0.483939 0.0447453 0.187889) 2650 45.9654 0 (0 0 0) (0 0 0)
5.580000e+02	5 (0 0.329057 0.441195 0.229748) (23.5 0.853948 1.0772) 1456 32988 1 32988 0.845767 0 5650 1 -1 1 4.3e-06 0 (0.490568 0.0516503 0.19078) 2650 45.8458 0 (0 0 0) (0 0 0)
5.580000e+02	5 (0 0.63483 0.336858 0.0283119) (23.5 0.762651 1.12862) 1107 32985 1 32985 0.166979 0 5533 1 -1 1 4.3e-06 0 (0.505003 0.0756345 0.173156) 2650 45.167 0 (0 0 0) (0 0 0)
5.580000e+02	5 (0 0.0047685 0.350759 0.644473) (23.5 0.808373 1.10381) 1275 32979 1 32979 0.150407 0 6151 1 -1 1.00001 3.3e-06 0 (0.500043 0.0716255 0.187759) 2650 44.1504 0 (0 0 0) (0 0 0)
5.580000e+02	5 (0 0.16444 0.313218 0.522342) (23.5 0.841736 1.03514) 1847 33050 1 33050 0.24888 0 6188 1 -1 1.00001 3.3e-06 0 (0.495019 0.0523802 0.20342) 2650 44.2489 0 (0 0 0) (0 0 0)
5.580000e+02	5 (0 0.274799 0.335563 0.389638) (23.5 0.849895 1.05576) 1647 33051 1 33051 0.352724 0 6210 1 -1 1.00001 3.3e-06 0 (0.489615 0.0504633 0.193924) 2650 44.3527 0 (0 0 0) (0 0 0)
5.580000e+02	5 (0 0.471901 0.0853882 0.442711) (23.5 0.814516 1.09631) 1456 32988 2 32988 0.11369 0 6254 1 -1 1.00001 3.3e-06 0 (0.499815 0.0682656 0.191257) 2650 44.1137 0 (0 0 0) (0 0 0)
5.580000e+02	5 (0 0.183593 0.538941 0.277466) (23.5 0.595462 1.00961) 1459 33040 2 33040 0.5809 0 6028 1 -1 1.00001 3.3e-06 0 (0.392445 0.0488461 0.169284) 2650 44.5809 0 (0 0 0) (0 0 0)
5.580000e+02	5 (0 0.593638 0.367334 0.0390277) (23.5 0.762707 1.08831) 1275 32979 2 32979 0.200867 0 6676 1 -1 1 1.3e-06 0 (0.503141 0.0735802 0.192138) 2650 43.2009 0 (0 0 0) (0 0 0)
5.580000e+02	5 (0 0.412793 0.343953 0.243254) (23.5 0.83698 1.04666) 1647 33051 2 33051 0.882238 0 6690 1 -1 1 1.3e-06 0 (0.49479 0.0533036 0.199909) 2650 43.8822 0 (0 0 0) (0 0 0)
5.580000e+02	5 (0 0.583476 0.393874 0.0226499) (23.5 0.764631 1.08898) 1275 32979 2 32979 0.240501 0 6695 1 -1 1 1.3e-06 0 (0.502948 0.0736381 0.192028) 2650 43.2405 0 (0 0 0) (0 0 0)
5.580000e+02	5 (0 0.549838 0.402569 0.0475932) (23.5 0.765266 1.09115) 1275 32979 2 32979 0.280547 0 6715 1 -1 1 1.3e-06 0 (0.502984 0.073776 0.191062) 2650 43.2805 0 (0 0 0) (0 0 0)
5.580000e+02	5 (0 0.129237 0.831472 0.0392903) (23.5 0.873377 1.05933) 1647 33051 1 33051 0.702742 0 5711 1 -1 1 4.3e-06 0 (0.481713 0.0423558 0.185672) 2650 45.7027 0 (0 0 0) (0 0 0)
5.580000e+02	5 (0 0.0380149 0.538023 0.423963) (23.5 0.0367163 1.15613) 82 33085 1 33085 0.584733 0 4064 1 -1 1 1.25e-05 0 (0.48985 0.0206899 0.218465) 2650 48.5847 0 (0 0 0) (0 0 0)
5.580000e+02	5 (0 0.150212 0.579533 0.270255) (23.5 0.0344866 1.14569) 82 33085 1 33085 0.857627 0 2543 1 -1 1 5.3e-05 0 (0.483511 0.0196598 0.22541) 2650 51.8576 0 (0 0 0) (0 0 0)
5.580000e+02	5 (0 0.724132 0.0542525 0.221615) (23.5 0.0438607 1.14254) 117 33086 1 33086 0.563119 0 3542 1 -1 1 2.12e-05 0 (0.484573 0.0271184 0.240916) 2650 49.5631 0 (0 0 0) (0 0 0)
5.580000e+02	5 (0 0.0479245 0.774776 0.1773) (23.5 0.792307 1.12367) 1275 32979 2 32979 0.525929 0 6110 1 -1 1.00001 3.3e-06 0 (0.501456 0.0759973 0.17849) 2650 44.5259 0 (0 0 0) (0 0 0)
5.580000e+02	5 (0 0.388155 0.434336 0.177509) (23.5 0.838064 1.10188) 1456 32988 2 32988 0.819715 0 6150 1 -1 1.00001 3.3e-06 0 (0.498464 0.0621881 0.191286) 2650 44.8197 0 (0 0 0) (0 0 0)
5.580000e+02	5 (0 0.302813 0.333948 0.363239) (23.5 0.760331 1.1071) 1275 32979 2 32979 0.482789 0 6630 1 -1 1 1.3e-06 0 (0.504364 0.0746948 0.18297) 2650 43.4828 0 (0 0 0) (0 0 0)
5.580000e+02	5 (0 0.196017 0.64956 0.154423) (23.5 0.354551 1.01158) 956 33012 2 33012 0.421903 0 6025 1 -1 1.00001 3.3e-06 0 (0.425242 0.0124445 0.185395) 2650 44.4219 0 (0 0 0) (0 0 0)
5.580000e+02	5 (0 0.027756 0.591213 0.381031) (23.5 0.806764 1.08676) 1275 32979 1 32979 0.839661 0 6675 1 -1 1 1.3e-06 0 (0.50038 0.0683025 0.194413) 2650 43.8397 0 (0 0 0) (0 0 0)
5.580000e+02	5 (0 0.481528 0.031658 0.486814) (23.5 0.773681 1.09354) 1275 32979 1 32979 0.465008 0 6696 1 -1 1 1.3e-06 0 (0.502252 0.0736999 0.190652) 2650 43.465 0 (0 0 0) (0 0 0)
5.580000e+02	5 (0 0.231381 0.749464 0.0191557) (23.5 0.438083 1.01336) 1111 33018 2 33018 0.257362 0 6027 1 -1 1.00001 3.3e-06 0 (0.448921 0.0296619 0.190582) 2650 44.2574 0 (0 0 0) (0 0 0)
5.580000e+02	5 (0 0.195923 0.201725 0.602353) (23.5 0.516242 1.18172) 678 32980 2 32980 0.0780471 0 4916 1 -1 1 8.9e-06 0 (0.526309 0.0475956 0.102698) 2650 47.078 0 (0 0 0) (0 0 0)
5.580000e+02	5 (0 0.787971 0.111833 0.100196) (23.5 0.589311 1.14106) 807 32981 2 32981 0.597501 0 6314 1 -1 1.00001 3.3e-06 0 (0.519539 0.0623221 0.134239) 2650 44.5975 0 (0 0 0) (0 0 0)
5.580000e+02	5 (0 0.41287 0.369436 0.217694) (23.5 0.547237 1.14145) 678 32980 1 32980 0.417306 0 6855 1 -1 1 1.3e-06 0 (0.523402 0.056948 0.130953) 2650 43.4173 0 (0 0 0) (0 0 0)
5.580000e+02	5 (0 0.193477 0.771828 0.034695) (23.5 0.596099 1.03365) 1277 33041 2 33041 0.457383 0 5509 1 -1 1 4.3e-06 0 (0.507841 0.0657333 0.20164) 2650 45.4574 0 (0 0 0) (0 0 0)
5.580000e+02	5 (0 0.135957 0.222449 0.641594) (23.5 0.349933 1.02239) 810 33013 2 33013 0.442218 0 5543 1 -1 1 4.3e-06 0 (0.511297 0.015789 0.216519) 2650 45.4422 0 (0 0 0) (0 0 0)
5.580000e+02	5 (0 0.102617 0.354979 0.542404) (23.5 0.347896 1.04671) 680 33014 2 33014 0.374394 0 6506 1 -1 1 1.3e-06 0 (0.521319 0.0171794 0.200139) 2650 43.3744 0 (0 0 0) (0 0 0)
5.580000e+02	5 (0 0.407555 0.124034 0.468412) (23.5 0.76633 1.04133) 1457 33048 2 33048 0.132132 0 6648 1 -1 1 1.3e-06 0 (0.501788 0.0646082 0.207983) 2650 43.1321 0 (0 0 0) (0 0 0)
5.580000e+02	5 (0 0.36304 0.225003 0.411957) (23.5 0.833849 1.04384) 1647 33051 2 33051 0.87357 0 6689 1 -1 1 1.3e-06 0 (0.495837 0.0529182 0.201147) 2650 43.8736 0 (0 0 0) (0 0 0)
5.580000e+02	5 (0 0.346934 0.422312 0.230754) (23.5 0.55254 1.14235) 678 32980 1 32980 0.610309 0 6916 1 -1 1 1.3e-06 0 (0.522933 0.057523 0.130644) 2650 43.6103 0 (0 0 0) (0 0 0)
5.580000e+02	5 (0 0.13318 0.848715 0.0181051) (23.5 0.408911 1.19649) 362 32956 1 32956 0.500007 0 2475 1 -1 1 7.5e-05 0 (0.536706 0.0300349 0.0834047) 2650 52.5 0 (0 0 0) (0 0 0)
5.580000e+02	5 (0 0.0822444 0.870563 0.0471929) (23.5 0.415726 1.03664) 810 33013 1 33013 0.843732 0 6527 1 -1 1 1.3e-06 0 (0.51833 0.0345083 0.20061) 2650 43.8437 0 (0 0 0) (0 0 0)
5.580000e+02	5 (0 0.318095 0.378458 0.303447) (23.5 0.370108 1.24425) 362 32956 2 32956 0.770269 0 5375 1 -1 1 6.4e-06 0 (0.539244 0.0238086 0.0588357) 2650 46.7703 0 (0 0 0) (0 0 0)
5.580000e+02	5 (0 0.07673 0.527275 0.395994) (23.5 0.162581 1.53508) 30 33034 1 33034 0.0484818 0 6418 1 -1 1.00001 3.3e-06 0 (0.544665 0.0286902 0.00152854) 2650 44.0485 0 (0 0 0) (0 0 0)
5.580000e+02	5 (0 0.599745 0.0660389 0.334216) (23.5 0.168394 1.50156) 30 33034 1 33034 0.0568063 0 6958 1 -1 1 1.3e-06 0 (0.544601 0.0313962 0.0120226) 2650 43.0568 0 (0 0 0) (0 0 0)
5.580000e+02	5 (0 0.701502 0.153469 0.14503) (23.5 0.213127 1.41908) 78 32972 1 32972 0.425787 0 6937 1 -1 1 1.3e-06 0 (0.543838 0.0413536 0.0371252) 2650 43.4258 0 (0 0 0) (0 0 0)
5.580000e+02	5 (0 0.0542218 0.499053 0.446726) (23.5 0.159244 1.53652) 30 33034 1 33034 0.359565 0 6417 1 -1 1.00001 3.3e-06 0 (0.544697 0.0283087 0.0010773) 2650 44.3596 0 (0 0 0) (0 0 0)
5.580000e+02	5 (0 0.650375 0.232064 0.117562) (23.5 0.167652 1.49074) 30 33034 2 33034 0.517573 0 6454 1 -1 1.00001 3.3e-06 0 (0.544532 0.0317378 0.0171876) 2650 44.5176 0 (0 0 0) (0 0 0)
5.580000e+02	5 (0 0.160506 0.347939 0.491555) (23.5 0.15674 1.52971) 30 33034 1 33034 0.335478 0 6917 1 -1 1 1.3e-06 0 (0.544719 0.0285421 0.00321643) 2650 43.3355 0 (0 0 0) (0 0 0)
5.590000e+02	5 (0 0.390651 0.209548 0.399801) (23.5 0.978568 1.50127) 947 33109 2 33109 0.743795 0 1739 1 -1 1 0.00011 0 (0.500478 -0.0132676 0.0513803) 2650 54.7438 0 (0 0 0) (0 0 0)
5.590000e+02	5 (0 0.214319 0.607068 0.178613) (23.5 0.797959 1.52626) 450 33069 1 33069 0.730412 0 1699 1 -1 1 0.00011 0 (0.499694 -0.108954 0.00251639) 2650 54.7304 0 (0 0 0) (0 0 0)
5.590000e+02	5 (0 0.372326 0.576213 0.0514607) (23.5 0.68922 1.51288) 358 33068 2 33068 0.636411 0 1718 1 -1 1 0.00011 0 (0.490436 -0.108227 0.00283857) 2650 54.6364 0 (0 0 0) (0 0 0)
5.590000e+02	5 (0 0.353906 0.641174 0.0049192) (23.5 0.834761 1.51689) 557 33070 2 33070 0.515076 0 2170 1 -1 1 7.5e-05 0 (0.504506 -0.095339 0.0244549) 2650 53.5151 0 (0 0 0) (0 0 0)
5.590000e+02	5 (0 0.291648 0.289398 0.418954) (23.5 0.849402 1.52122) 557 33070 1 33070 0.368085 0 2189 1 -1 1 7.5e-05 0 (0.507006 -0.0898424 0.0191061) 2650 53.3681 0 (0 0 0) (0 0 0)
5.590000e+02	5 (0 0.149507 0.774025 0.076468) (23.5 0.885835 1.52544) 673 33077 2 33077 0.749828 0 2188 1 -1 1 7.5e-05 0 (0.511678 -0.0741824 0.0161165) 2650 53.7498 0 (0 0 0) (0 0 0)
5.590000e+02	5 (0 0.104474 0.556307 0.339219) (23.5 0.971428 1.48296) 947 33109 2 33109 0.52832 0 2709 1 -1 1 5.3e-05 0 (0.503088 -0.0158897 0.0869138) 2650 52.5283 0 (0 0 0) (0 0 0)
5.590000e+02	5 (0 0.420552 0.55667 0.0227785) (23.5 0.911295 1.44757) 803 33011 2 33011 0.776901 0 2319 1 -1 1 7.5e-05 0 (0.50763 -0.0337179 0.107779) 2650 53.7769 0 (0 0 0) (0 0 0)
5.590000e+02	5 (0 0.101677 0.125241 0.773082) (23.5 0.93295 1.39282) 949 33009 1 33009 0.170335 0 2614 1 -1 1 5.3e-05 0 (0.502727 -0.0101191 0.161447) 2650 52.1703 0 (0 0 0) (0 0 0)
5.590000e+02	5 (0 0.523183 0.0279041 0.448913) (23.5 0.991675 1.16423) 2054 33058 1 33058 0.852931 0 2684 1 -1 1 5.3e-05 0 (0.380769 -0.00149931 0.160497) 2650 52.8529 0 (0 0 0) (0 0 0)
5.590000e+02	5 (0 0.141254 0.617643 0.241103) (23.5 0.948143 1.41807) 948 33076 2 33076 0.354974 0 3216 1 -1 1 3.26e-05 0 (0.503066 -0.013073 0.149759) 2650 51.355 0 (0 0 0) (0 0 0)
5.590000e+02	5 (0 0.124641 0.392939 0.48242) (23.5 0.964939 1.44353) 1103 33075 1 33075 0.280719 0 3177 1 -1 1 3.26e-05 0 (0.502259 -0.0118215 0.128768) 2650 51.2807 0 (0 0 0) (0 0 0)
5.590000e+02	5 (0 0.0210298 0.406939 0.572032) (23.5 0.962855 1.43741) 1103 33075 1 33075 0.0654499 0 3196 1 -1 1 3.26e-05 0 (0.502474 -0.0114552 0.134399) 2650 51.0654 0 (0 0 0) (0 0 0)
5.590000e+02	5 (0 0.342597 0.403829 0.253574) (23.5 0.988579 1.24853) 1843 33061 1 33061 0.395193 0 3209 1 -1 1 3.26e-05 0 (0.416278 0.000681312 0.174673) 2650 51.3952 0 (0 0 0) (0 0 0)
5.590000e+02	5 (0 0.375293 0.134473 0.490234) (23.5 0.959322 1.43385) 948 33076 2 33076 0.0281904 0 3215 1 -1 1 3.26e-05 0 (0.502802 -0.0120807 0.137157) 2650 51.0282 0 (0 0 0) (0 0 0)
5.590000e+02	5 (0 0.205673 0.485746 0.30858) (23.5 0.926519 1.3606) 949 33009 1 33009 0.551791 0 2615 1 -1 1 5.3e-05 0 (0.501008 -0.00113861 0.176266) 2650 52.5518 0 (0 0 0) (0 0 0)
5.590000e+02	5 (0 0.711569 0.272031 0.0163998) (23.5 0.976826 1.33881) 1453 33065 1 33065 0.147761 0 3715 1 -1 1 2.12e-05 0 (0.489797 0.00166234 0.19246) 2650 50.1478 0 (0 0 0) (0 0 0)
5.590000e+02	5 (0 0.311673 0.589195 0.0991324) (23.5 0.919893 1.34608) 949 33009 1 33009 0.982697 0 2616 1 -1 1 5.3e-05 0 (0.500197 0.00283745 0.181305) 2650 52.9827 0 (0 0 0) (0 0 0)
5.590000e+02	5 (0 0.25581 0.241183 0.503007) (23.5 0.891896 1.24895) 1273 32993 2 32993 0.108542 0 2797 1 -1 1 5.3e-05 0 (0.499826 0.032534 0.193707) 2650 52.1085 0 (0 0 0) (0 0 0)
5.590000e+02	5 (0 0.14964 0.495112 0.355248) (23.5 0.918068 1.01528) 2281 33052 1 33052 0.855582 0 4665 1 -1 1 8.9e-06 0 (0.447269 0.0551499 0.211894) 2650 48.8556 0 (0 0 0) (0 0 0)
5.590000e+02	5 (0 0.144596 0.363258 0.492145) (23.5 0.942736 1.09546) 1845 33057 1 33057 0.257398 0 4686 1 -1 1 8.9e-06 0 (0.480013 0.0243494 0.228814) 2650 48.2574 0 (0 0 0) (0 0 0)
5.590000e+02	5 (0 0.466813 0.204623 0.328564) (23.5 0.957801 1.15907) 1645 33060 2 33060 0.653858 0 4709 1 -1 1 8.9e-06 0 (0.500557 0.0159327 0.229321) 2650 48.6539 0 (0 0 0) (0 0 0)
5.590000e+02	5 (0 0.407514 0.253684 0.338803) (23.5 0.949034 1.24291) 1454 33063 1 33063 0.162085 0 4734 1 -1 1 8.9e-06 0 (0.501858 0.0170653 0.221598) 2650 48.1621 0 (0 0 0) (0 0 0)
5.590000e+02	5 (0 0.0549716 0.172796 0.772232) (23.5 0.936225 1.25091) 1273 32993 1 32993 0.464446 0 4754 1 -1 1 8.9e-06 0 (0.503084 0.0192931 0.220945) 2650 48.4644 0 (0 0 0) (0 0 0)
5.590000e+02	5 (0 0.694797 0.275788 0.0294145) (23.5 0.394791 1.00492) 956 33012 2 33012 0.241999 0 6026 1 -1 1.00001 3.3e-06 0 (0.334406 0.0177338 0.146882) 2650 45.242 0 (0 0 0) (0 0 0)
5.590000e+02	5 (0 0.0177935 0.759666 0.222541) (23.5 0.982852 1.11257) 2278 33055 1 33055 0.509981 0 2601 1 -1 1 5.3e-05 0 (0.48462 0.00269535 0.209197) 2650 52.51 0 (0 0 0) (0 0 0)
5.590000e+02	5 (0 0.0304674 0.400079 0.569453) (23.5 0.963245 1.29831) 1453 33065 1 33065 0.173606 0 4195 1 -1 1 1.25e-05 0 (0.496499 0.0108178 0.205173) 2650 49.1736 0 (0 0 0) (0 0 0)
5.590000e+02	5 (0 0.0441849 0.163015 0.7928) (23.5 0.936573 1.11404) 1646 32989 1 32989 0.440544 0 5208 1 -1 1 6.4e-06 0 (0.491886 0.0225765 0.224041) 2650 47.4405 0 (0 0 0) (0 0 0)
5.590000e+02	5 (0 0.325131 0.648196 0.0266727) (23.5 0.937998 1.05468) 1846 33054 1 33054 0.678777 0 5166 1 -1 1 6.4e-06 0 (0.459682 0.0365506 0.228189) 2650 47.6788 0 (0 0 0) (0 0 0)
5.590000e+02	5 (0 0.199308 0.577363 0.223329) (23.5 0.861866 1.01437) 2058 33049 1 33049 0.610901 0 5647 1 -1 1 4.3e-06 0 (0.446141 0.0578372 0.194379) 2650 46.6109 0 (0 0 0) (0 0 0)
5.590000e+02	5 (0 0.370922 0.243819 0.385259) (23.5 0.851281 1.15348) 1274 32990 1 32990 0.196961 0 1794 1 -1 1 0.00011 0 (0.495698 0.063848 0.174719) 2650 54.197 0 (0 0 0) (0 0 0)
5.590000e+02	5 (0 0.366492 0.203353 0.430155) (23.5 0.889496 1.24104) 1273 32993 2 32993 0.873131 0 2796 1 -1 1 5.3e-05 0 (0.49955 0.0354881 0.192696) 2650 52.8731 0 (0 0 0) (0 0 0)
5.590000e+02	5 (0 0.26081 0.56788 0.171309) (23.5 0.858629 1.13887) 1274 32990 1 32990 0.618648 0 1954 1 -1 1 0.00011 0 (0.493685 0.0626817 0.173251) 2650 54.6186 0 (0 0 0) (0 0 0)
5.590000e+02	5 (0 0.327326 0.451652 0.221023) (23.5 0.854062 1.07664) 1456 32988 1 32988 0.702973 0 5052 1 -1 1 6.4e-06 0 (0.485812 0.0514851 0.189251) 2650 47.703 0 (0 0 0) (0 0 0)
5.590000e+02	5 (0 0.338854 0.401971 0.259175) (23.5 0.853296 1.07911) 1456 32988 1 32988 0.172401 0 5630 1 -1 1 4.3e-06 0 (0.486751 0.052467 0.189519) 2650 46.1724 0 (0 0 0) (0 0 0)
5.590000e+02	5 (0 0.532538 0.00219503 0.465267) (23.5 0.910795 1.02763) 2057 33053 1 33053 0.444972 0 5667 1 -1 1 4.3e-06 0 (0.472858 0.0504437 0.21241) 2650 46.445 0 (0 0 0) (0 0 0)
5.590000e+02	5 (0 0.340893 0.46265 0.196458) (23.5 0.927238 1.05431) 1846 33054 1 33054 0.647754 0 5687 1 -1 1 4.3e-06 0 (0.462085 0.038309 0.220174) 2650 46.6478 0 (0 0 0) (0 0 0)
5.590000e+02	5 (0 0.447888 0.0615335 0.490578) (23.5 0.846022 1.09408) 1456 32988 1 32988 0.133035 0 5610 1 -1 1 4.3e-06 0 (0.493374 0.0593854 0.191864) 2650 46.133 0 (0 0 0) (0 0 0)
5.590000e+02	5 (0 0.290814 0.562246 0.14694) (23.5 0.856499 1.07185) 1456 32988 1 32988 0.447155 0 6132 1 -1 1.00001 3.3e-06 0 (0.483654 0.04923 0.188493) 2650 45.4472 0 (0 0 0) (0 0 0)
5.590000e+02	5 (0 0.219176 0.731638 0.0491863) (23.5 0.861288 1.06553) 1456 32988 1 32988 0.692954 0 6076 1 -1 1.00001 3.3e-06 0 (0.480242 0.0456784 0.186949) 2650 45.693 0 (0 0 0) (0 0 0)
5.590000e+02	5 (0 0.243596 0.674123 0.0822809) (23.5 0.859655 1.06767) 1456 32988 1 32988 0.481186 0 6215 1 -1 1.00001 3.3e-06 0 (0.481401 0.0468856 0.187475) 2650 45.4812 0 (0 0 0) (0 0 0)
5.590000e+02	5 (0 0.0923915 0.582889 0.32472) (23.5 0.778399 1.12075) 1275 32979 2 32979 0.139812 0 6610 1 -1 1 1.3e-06 0 (0.500642 0.0785709 0.179386) 2650 44.1398 0 (0 0 0) (0 0 0)
5.590000e+02	5 (0 0.532934 0.238574 0.228492) (23.5 0.840266 1.07706) 1456 32988 1 32988 0.245599 0 6694 1 -1 1 1.3e-06 0 (0.490878 0.0566727 0.193742) 2650 44.2456 0 (0 0 0) (0 0 0)
5.590000e+02	5 (0 0.155793 0.596027 0.24818) (23.5 0.431981 1.01063) 1111 33018 2 33018 0.0572145 0 6525 1 -1 1 1.3e-06 0 (0.411139 0.0304567 0.17559) 2650 44.0572 0 (0 0 0) (0 0 0)
5.590000e+02	5 (0 0.104993 0.229116 0.665891) (23.5 0.964745 1.29133) 1453 33065 1 33065 0.931563 0 4774 1 -1 1 8.9e-06 0 (0.496127 0.0109167 0.207133) 2650 48.9316 0 (0 0 0) (0 0 0)
5.590000e+02	5 (0 0.349086 0.404181 0.246733) (23.5 0.953335 1.22049) 1454 33063 2 33063 0.779596 0 5074 1 -1 1 6.4e-06 0 (0.502076 0.0172685 0.224104) 2650 47.7796 0 (0 0 0) (0 0 0)
5.590000e+02	5 (0 0.792529 0.184101 0.0233703) (23.5 0.821153 1.14112) 1274 32990 2 32990 0.806505 0 6257 1 -1 1.00001 3.3e-06 0 (0.496951 0.0737756 0.180813) 2650 45.8065 0 (0 0 0) (0 0 0)
5.590000e+02	5 (0 0.284191 0.524304 0.191505) (23.5 0.63716 1.13967) 807 32981 1 32981 0.338559 0 6316 1 -1 1.00001 3.3e-06 0 (0.513508 0.0710743 0.141721) 2650 45.3386 0 (0 0 0) (0 0 0)
5.590000e+02	5 (0 0.386841 0.154127 0.459032) (23.5 0.549355 1.15803) 678 32980 1 32980 0.0461231 0 6395 1 -1 1.00001 3.3e-06 0 (0.522483 0.0565792 0.120347) 2650 45.0461 0 (0 0 0) (0 0 0)
5.590000e+02	5 (0 0.0612166 0.707173 0.231611) (23.5 0.575517 1.14241) 678 32980 1 32980 0.227582 0 6875 1 -1 1 1.3e-06 0 (0.520418 0.0629286 0.131513) 2650 44.2276 0 (0 0 0) (0 0 0)
5.590000e+02	5 (0 0.307684 0.685032 0.007284) (23.5 0.634843 1.17406) 807 32981 2 32981 0.940743 0 3876 1 -1 1 2.12e-05 0 (0.51235 0.0635042 0.119949) 2650 50.9407 0 (0 0 0) (0 0 0)
5.590000e+02	5 (0 0.0572072 0.47196 0.470833) (23.5 0.377503 1.26302) 362 32956 2 32956 0.186018 0 3855 1 -1 1 2.12e-05 0 (0.540126 0.0248551 0.0494215) 2650 50.186 0 (0 0 0) (0 0 0)
5.590000e+02	5 (0 0.203994 0.0715186 0.724488) (23.5 0.505758 1.18116) 678 32980 2 32980 0.770323 0 6354 1 -1 1.00001 3.3e-06 0 (0.527443 0.0476084 0.102269) 2650 45.7703 0 (0 0 0) (0 0 0)
5.590000e+02	5 (0 0.0491042 0.667822 0.283074) (23.5 0.576496 1.14594) 678 32980 1 32980 0.596399 0 6936 1 -1 1 1.3e-06 0 (0.520261 0.0624385 0.129304) 2650 44.5964 0 (0 0 0) (0 0 0)
5.590000e+02	5 (0 0.0303591 0.52756 0.442081) (23.5 0.461961 1.19309) 562 32955 2 32955 0.334337 0 6415 1 -1 1.00001 3.3e-06 0 (0.532247 0.0392609 0.0926762) 2650 45.3343 0 (0 0 0) (0 0 0)
5.590000e+02	5 (0 0.551472 0.224427 0.224102) (23.5 0.1385 1.2996) 115 32959 2 32959 0.0485835 0 2539 1 -1 1 5.3e-05 0 (0.550094 0.0406724 0.145975) 2650 52.0486 0 (0 0 0) (0 0 0)
5.590000e+02	5 (0 0.0760163 0.682525 0.241459) (23.5 0.334221 1.28464) 214 32965 1 32965 0.47799 0 4895 1 -1 1 8.9e-06 0 (0.544033 0.0247852 0.0404202) 2650 48.478 0 (0 0 0) (0 0 0)
5.590000e+02	5 (0 0.317869 0.319699 0.362432) (23.5 0.315675 1.29342) 214 32965 1 32965 0.808587 0 5334 1 -1 1 6.4e-06 0 (0.545269 0.0250969 0.038839) 2650 47.8086 0 (0 0 0) (0 0 0)
5.590000e+02	5 (0 0.516541 0.207841 0.275619) (23.5 0.20651 1.44157) 78 32972 2 32972 0.341115 0 6956 1 -1 1 1.3e-06 0 (0.547236 0.0363414 0.0314548) 2650 44.3411 0 (0 0 0) (0 0 0)
5.590000e+02	5 (0 0.0484685 0.0430792 0.908452) (23.5 0.188015 1.46979) 51 32963 1 32963 0.245077 0 6955 1 -1 1 1.3e-06 0 (0.547897 0.0331305 0.0242121) 2650 44.2451 0 (0 0 0) (0 0 0)
5.590000e+02	5 (0 0.317265 0.240115 0.44262) (23.5 0.160435 1.51966) 30 33034 1 33034 0.326691 0 5955 1 -1 1 4.3e-06 0 (0.548383 0.0274612 0.00636311) 2650 46.3267 0 (0 0 0) (0 0 0)
5.590000e+02	5 (0 0.629008 0.124528 0.246464) (23.5 0.218393 1.42583) 78 32972 1 32972 0.873052 0 6957 1 -1 1 1.3e-06 0 (0.546743 0.0371152 0.0342745) 2650 44.8731 0 (0 0 0) (0 0 0)
5.590000e+02	5 (0 0.0339655 0.44515 0.520885) (23.5 0.15441 1.53782) 30 33034 1 33034 0.493557 0 5918 1 -1 1 4.3e-06 0 (0.548471 0.0258166 0.00066638) 2650 46.4936 0 (0 0 0) (0 0 0)
5.590000e+02	5 (0 0.0396126 0.426887 0.5335) (23.5 0.153619 1.53746) 30 33034 1 33034 0.708761 0 6398 1 -1 1.00001 3.3e-06 0 (0.548487 0.0257721 0.000786762) 2650 45.7088 0 (0 0 0) (0 0 0)
5.590000e+02	5 (0 0.615031 0.126616 0.258353) (23.5 0.16534 1.48394) 30 33034 2 33034 0.663601 0 6477 1 -1 1.00001 3.3e-06 0 (0.548185 0.0294423 0.021277) 2650 45.6636 0 (0 0 0) (0 0 0)
5.600000e+02	5 (0 0.291888 0.159717 0.548395) (23.5 0.695284 1.52132) 358 33068 1 33068 0.74452 0 1679 1 -1 1 0.00011 0 (0.488656 -0.117169 -0.000214976) 2650 55.7445 0 (0 0 0) (0 0 0)
5.600000e+02	5 (0 0.426057 0.294904 0.279038) (23.5 0.976876 1.50347) 947 33109 2 33109 0.572717 0 2167 1 -1 1 7.5e-05 0 (0.5002 -0.0143094 0.0544493) 2650 54.5727 0 (0 0 0) (0 0 0)
5.600000e+02	5 (0 0.469053 0.434357 0.0965904) (23.5 0.61772 1.50381) 279 33067 2 33067 0.875112 0 1618 1 -1 1 0.00011 0 (0.488594 -0.0945112 -0.00373649) 2650 55.8751 0 (0 0 0) (0 0 0)
5.600000e+02	5 (0 0.143792 0.324608 0.5316) (23.5 0.819533 1.49666) 557 33070 2 33070 0.810969 0 1859 1 -1 1 0.00011 0 (0.499764 -0.0966565 0.0330884) 2650 55.811 0 (0 0 0) (0 0 0)
5.600000e+02	5 (0 0.736196 0.0432108 0.220593) (23.5 0.981663 1.4586) 1103 33075 2 33075 0.13975 0 2708 1 -1 1 5.3e-05 0 (0.495759 -0.0101521 0.117134) 2650 53.1397 0 (0 0 0) (0 0 0)
5.600000e+02	5 (0 0.391695 0.41919 0.189114) (23.5 0.900997 1.50258) 673 33077 2 33077 0.0121829 0 2691 1 -1 1 5.3e-05 0 (0.50964 -0.063296 0.053042) 2650 53.0122 0 (0 0 0) (0 0 0)
5.600000e+02	5 (0 0.00383322 0.568375 0.427791) (23.5 0.911964 1.47533) 803 33011 2 33011 0.0495408 0 2652 1 -1 1 5.3e-05 0 (0.508484 -0.0505185 0.0915172) 2650 53.0495 0 (0 0 0) (0 0 0)
5.600000e+02	5 (0 0.263044 0.516583 0.220373) (23.5 0.922679 1.42344) 803 33011 1 33011 0.579816 0 1899 1 -1 1 0.00011 0 (0.503029 -0.0239997 0.134041) 2650 55.5798 0 (0 0 0) (0 0 0)
5.600000e+02	5 (0 0.254079 0.54843 0.197491) (23.5 0.923245 1.4219) 803 33011 1 33011 0.55425 0 1918 1 -1 1 0.00011 0 (0.502849 -0.0233524 0.135758) 2650 55.5542 0 (0 0 0) (0 0 0)
5.600000e+02	5 (0 0.253799 0.526293 0.219908) (23.5 0.923264 1.4234) 803 33011 1 33011 0.542548 0 1919 1 -1 1 0.00011 0 (0.503027 -0.0238456 0.134357) 2650 55.5425 0 (0 0 0) (0 0 0)
5.600000e+02	5 (0 0.246345 0.550967 0.202688) (23.5 0.923734 1.42225) 803 33011 1 33011 0.526461 0 1938 1 -1 1 0.00011 0 (0.502892 -0.0233488 0.135592) 2650 55.5265 0 (0 0 0) (0 0 0)
5.600000e+02	5 (0 0.283115 0.410298 0.306587) (23.5 0.921415 1.42922) 803 33011 1 33011 0.541279 0 1939 1 -1 1 0.00011 0 (0.503701 -0.0262302 0.127924) 2650 55.5413 0 (0 0 0) (0 0 0)
5.600000e+02	5 (0 0.273668 0.333908 0.392424) (23.5 0.922017 1.43497) 803 33011 1 33011 0.358264 0 2633 1 -1 1 5.3e-05 0 (0.504299 -0.0280739 0.129657) 2650 53.3583 0 (0 0 0) (0 0 0)
5.600000e+02	5 (0 0.73829 0.156186 0.105524) (23.5 0.804112 1.00468) 1848 33046 1 33046 0.786904 0 4626 1 -1 1 8.9e-06 0 (0.325638 0.0416769 0.147415) 2650 49.7869 0 (0 0 0) (0 0 0)
5.600000e+02	5 (0 0.517728 0.386855 0.0954164) (23.5 0.803197 1.50681) 450 33069 1 33069 0.811009 0 2092 1 -1 1 7.5e-05 0 (0.49775 -0.10503 0.0247269) 2650 54.811 0 (0 0 0) (0 0 0)
5.600000e+02	5 (0 0.283804 0.492705 0.22349) (23.5 0.921367 1.42366) 803 33011 1 33011 0.691437 0 1878 1 -1 1 0.00011 0 (0.503052 -0.0243943 0.133188) 2650 55.6914 0 (0 0 0) (0 0 0)
5.600000e+02	5 (0 0.282411 0.496015 0.221575) (23.5 0.921455 1.42353) 803 33011 1 33011 0.683506 0 1879 1 -1 1 0.00011 0 (0.503038 -0.0243338 0.133254) 2650 55.6835 0 (0 0 0) (0 0 0)
5.600000e+02	5 (0 0.268845 0.521302 0.209852) (23.5 0.922312 1.42274) 803 33011 1 33011 0.618039 0 1898 1 -1 1 0.00011 0 (0.502946 -0.0238551 0.134496) 2650 55.618 0 (0 0 0) (0 0 0)
5.600000e+02	5 (0 0.466903 0.235763 0.297334) (23.5 0.909793 1.42869) 803 33011 1 33011 0.869382 0 2299 1 -1 1 7.5e-05 0 (0.503519 -0.0288307 0.128608) 2650 54.8694 0 (0 0 0) (0 0 0)
5.600000e+02	5 (0 0.491716 0.0965665 0.411718) (23.5 0.908231 1.43636) 803 33011 1 33011 0.697398 0 2318 1 -1 1 7.5e-05 0 (0.504405 -0.0317547 0.120676) 2650 54.6974 0 (0 0 0) (0 0 0)
5.600000e+02	5 (0 0.455722 0.303462 0.240816) (23.5 0.910497 1.42489) 803 33011 1 33011 0.907141 0 2339 1 -1 1 7.5e-05 0 (0.503085 -0.0274367 0.132339) 2650 54.9071 0 (0 0 0) (0 0 0)
5.600000e+02	5 (0 0.179823 0.757809 0.0623685) (23.5 0.924067 1.39611) 949 33009 2 33009 0.699643 0 1959 1 -1 1 0.00011 0 (0.500513 -0.012463 0.154417) 2650 55.6996 0 (0 0 0) (0 0 0)
5.600000e+02	5 (0 0.635986 0.255762 0.108252) (23.5 0.975322 1.3321) 1453 33065 1 33065 0.0101598 0 4176 1 -1 1 1.25e-05 0 (0.488319 0.00301078 0.200288) 2650 50.0102 0 (0 0 0) (0 0 0)
5.600000e+02	5 (0 0.542402 0.00558174 0.452016) (23.5 0.0175417 1.15814) 82 33085 2 33085 0.0854044 0 3526 1 -1 1 2.12e-05 0 (0.477199 0.00620979 0.223666) 2650 51.0854 0 (0 0 0) (0 0 0)
5.600000e+02	5 (0 0.464987 0.504321 0.0306922) (23.5 0.906659 1.00906) 2281 33052 2 33052 0.770695 0 5146 1 -1 1 6.4e-06 0 (0.388025 0.0546373 0.180306) 2650 48.7707 0 (0 0 0) (0 0 0)
5.600000e+02	5 (0 0.149255 0.545634 0.305111) (23.5 0.910958 1.32847) 1105 33007 2 33007 0.260079 0 2617 1 -1 1 5.3e-05 0 (0.497343 0.00873701 0.188872) 2650 53.2601 0 (0 0 0) (0 0 0)
5.600000e+02	5 (0 0.23588 0.604622 0.159499) (23.5 0.970557 1.28423) 1453 33065 2 33065 0.0896433 0 4675 1 -1 1 8.9e-06 0 (0.492099 0.00914025 0.213794) 2650 49.0896 0 (0 0 0) (0 0 0)
5.600000e+02	5 (0 0.586792 0.162823 0.250384) (23.5 0.0206897 1.15521) 82 33085 2 33085 0.240376 0 4045 1 -1 1 1.25e-05 0 (0.478445 0.00818155 0.225571) 2650 50.2404 0 (0 0 0) (0 0 0)
5.600000e+02	5 (0 0.396648 0.201112 0.40224) (23.5 0.88935 1.23888) 1273 32993 2 32993 0.461832 0 2777 1 -1 1 5.3e-05 0 (0.496493 0.0385898 0.194046) 2650 53.4618 0 (0 0 0) (0 0 0)
5.600000e+02	5 (0 0.405666 0.186023 0.408311) (23.5 0.888398 1.23824) 1273 32993 2 32993 0.284511 0 2795 1 -1 1 5.3e-05 0 (0.496399 0.0390327 0.193466) 2650 53.2845 0 (0 0 0) (0 0 0)
5.600000e+02	5 (0 0.44439 0.396546 0.159064) (23.5 0.971492 1.32832) 1453 33065 1 33065 0.742053 0 4714 1 -1 1 8.9e-06 0 (0.490031 0.00480612 0.20196) 2650 49.7421 0 (0 0 0) (0 0 0)
5.600000e+02	5 (0 0.328078 0.361168 0.310754) (23.5 0.969203 1.24465) 1644 33062 1 33062 0.491756 0 5093 1 -1 1 6.4e-06 0 (0.494594 0.0115538 0.221464) 2650 48.4918 0 (0 0 0) (0 0 0)
5.600000e+02	5 (0 0.150761 0.452956 0.396283) (23.5 0.929933 1.15452) 1455 32991 1 32991 0.0671162 0 5636 1 -1 1 4.3e-06 0 (0.498612 0.0280735 0.222901) 2650 47.0671 0 (0 0 0) (0 0 0)
5.600000e+02	5 (0 0.0514137 0.311271 0.637316) (23.5 0.93627 1.171) 1455 32991 1 32991 0.159702 0 5655 1 -1 1 4.3e-06 0 (0.501467 0.0245178 0.229847) 2650 47.1597 0 (0 0 0) (0 0 0)
5.600000e+02	5 (0 0.150508 0.0954273 0.754065) (23.5 0.92983 1.11151) 1646 32989 1 32989 0.0319546 0 5708 1 -1 1 4.3e-06 0 (0.48868 0.0255237 0.22002) 2650 47.032 0 (0 0 0) (0 0 0)
5.600000e+02	5 (0 0.170646 0.822212 0.0071425) (23.5 0.864537 1.06282) 1456 32988 1 32988 0.0568864 0 5572 1 -1 1 4.3e-06 0 (0.472085 0.0414299 0.184794) 2650 47.0569 0 (0 0 0) (0 0 0)
5.600000e+02	5 (0 0.0615315 0.548488 0.38998) (23.5 0.815693 1.00981) 2058 33049 2 33049 0.678687 0 6127 1 -1 1.00001 3.3e-06 0 (0.391764 0.049086 0.173207) 2650 46.6787 0 (0 0 0) (0 0 0)
5.600000e+02	5 (0 0.201866 0.749372 0.0487622) (23.5 0.862449 1.06551) 1456 32988 1 32988 0.807985 0 5553 1 -1 1 4.3e-06 0 (0.473761 0.0431929 0.185387) 2650 47.808 0 (0 0 0) (0 0 0)
5.600000e+02	5 (0 0.252782 0.671964 0.0752543) (23.5 0.859038 1.06721) 1456 32988 1 32988 0.196095 0 5591 1 -1 1 4.3e-06 0 (0.475693 0.0451608 0.18644) 2650 47.1961 0 (0 0 0) (0 0 0)
5.600000e+02	5 (0 0.0272794 0.819013 0.153708) (23.5 0.865678 1.06171) 1647 33051 1 33051 0.66929 0 6113 1 -1 1.00001 3.3e-06 0 (0.471759 0.0411024 0.184702) 2650 46.6693 0 (0 0 0) (0 0 0)
5.600000e+02	5 (0 0.0331552 0.817204 0.149641) (23.5 0.865952 1.06158) 1647 33051 1 33051 0.0253363 0 6174 1 -1 1.00001 3.3e-06 0 (0.471707 0.0410544 0.184668) 2650 46.0253 0 (0 0 0) (0 0 0)
5.600000e+02	5 (0 0.0681741 0.280126 0.6517) (23.5 0.58612 1.00499) 1459 33040 2 33040 0.154413 0 6547 1 -1 1 1.3e-06 0 (0.330088 0.0461732 0.144219) 2650 45.1544 0 (0 0 0) (0 0 0)
5.600000e+02	5 (0 0.253861 0.321461 0.424677) (23.5 0.923425 1.15643) 1455 32991 1 32991 0.00558935 0 5634 1 -1 1 4.3e-06 0 (0.497712 0.0317901 0.218288) 2650 47.0056 0 (0 0 0) (0 0 0)
5.600000e+02	5 (0 0.125288 0.715399 0.159314) (23.5 0.867609 1.0727) 1456 32988 1 32988 0.520955 0 6209 1 -1 1.00001 3.3e-06 0 (0.473763 0.0435445 0.183502) 2650 46.521 0 (0 0 0) (0 0 0)
5.600000e+02	5 (0 0.117684 0.416907 0.465409) (23.5 0.902813 1.1877) 1455 32991 2 32991 0.854681 0 1977 1 -1 1 0.00011 0 (0.497769 0.0423591 0.197876) 2650 55.8547 0 (0 0 0) (0 0 0)
5.600000e+02	5 (0 0.404283 0.300021 0.295696) (23.5 0.848912 1.08145) 1456 32988 1 32988 0.913022 0 5053 1 -1 1 6.4e-06 0 (0.48418 0.0541283 0.18926) 2650 48.913 0 (0 0 0) (0 0 0)
5.600000e+02	5 (0 0.0525721 0.497913 0.449515) (23.5 0.842275 1.12363) 1456 32988 2 32988 0.120555 0 6051 1 -1 1.00001 3.3e-06 0 (0.49024 0.0687799 0.180919) 2650 46.1206 0 (0 0 0) (0 0 0)
5.600000e+02	5 (0 0.302724 0.579367 0.117909) (23.5 0.855694 1.06996) 1456 32988 1 32988 0.530048 0 6130 1 -1 1.00001 3.3e-06 0 (0.477911 0.0474566 0.187445) 2650 46.53 0 (0 0 0) (0 0 0)
5.600000e+02	5 (0 0.174016 0.425961 0.400022) (23.5 0.914727 1.03504) 2057 33053 1 33053 0.527999 0 6668 1 -1 1 1.3e-06 0 (0.465462 0.0496313 0.214992) 2650 45.528 0 (0 0 0) (0 0 0)
5.600000e+02	5 (0 0.514393 0.268951 0.216655) (23.5 0.827008 1.16023) 1274 32990 2 32990 0.214716 0 5574 1 -1 1 4.3e-06 0 (0.493186 0.0727195 0.176475) 2650 47.2147 0 (0 0 0) (0 0 0)
5.600000e+02	5 (0 0.32927 0.0532886 0.617441) (23.5 0.961404 1.21888) 1454 33063 2 33063 0.794542 0 5615 1 -1 1 4.3e-06 0 (0.499604 0.016064 0.229697) 2650 47.7945 0 (0 0 0) (0 0 0)
5.600000e+02	5 (0 0.178436 0.775716 0.0458473) (23.5 0.864021 1.06533) 1456 32988 1 32988 0.566925 0 6156 1 -1 1.00001 3.3e-06 0 (0.473051 0.0424924 0.184891) 2650 46.5669 0 (0 0 0) (0 0 0)
5.600000e+02	5 (0 0.230099 0.0791927 0.690708) (23.5 0.641566 1.17395) 807 32981 1 32981 0.259134 0 3917 1 -1 1 2.12e-05 0 (0.510558 0.0661817 0.120589) 2650 51.2591 0 (0 0 0) (0 0 0)
5.600000e+02	5 (0 0.525928 0.0698774 0.404195) (23.5 0.538169 1.29639) 453 32994 1 32994 0.531404 0 1631 1 -1 1 0.00011 0 (0.516218 0.0211548 0.0323852) 2650 55.5314 0 (0 0 0) (0 0 0)
5.600000e+02	5 (0 0.747346 0.211864 0.0407895) (23.5 0.479661 1.02217) 955 33019 2 33019 0.184681 0 6505 1 -1 1 1.3e-06 0 (0.5071 0.0530569 0.208993) 2650 45.1847 0 (0 0 0) (0 0 0)
5.600000e+02	5 (0 0.231924 0.193777 0.574298) (23.5 0.561876 1.23649) 561 32982 1 32982 0.5863 0 1239 1 -1 1 0.00015 0 (0.517856 0.0415395 0.057463) 2650 56.5863 0 (0 0 0) (0 0 0)
5.600000e+02	5 (0 0.175021 0.223778 0.601201) (23.5 0.485906 1.23842) 454 32957 1 32957 0.860066 0 1219 1 -1 1 0.00015 0 (0.527787 0.0338193 0.0516192) 2650 56.8601 0 (0 0 0) (0 0 0)
5.600000e+02	5 (0 0.378441 0.366802 0.254757) (23.5 0.448998 1.31214) 361 32969 2 32969 0.528828 0 1592 1 -1 1 0.00011 0 (0.527678 0.0164622 0.0235033) 2650 55.5288 0 (0 0 0) (0 0 0)
5.600000e+02	5 (0 0.353556 0.455142 0.191303) (23.5 0.536647 1.1709) 678 32980 2 32980 0.796167 0 6895 1 -1 1 1.3e-06 0 (0.523528 0.0540861 0.110849) 2650 45.7962 0 (0 0 0) (0 0 0)
5.600000e+02	5 (0 0.313282 0.332283 0.354436) (23.5 0.526755 1.17366) 678 32980 2 32980 0.726998 0 6915 1 -1 1 1.3e-06 0 (0.524771 0.0523426 0.108349) 2650 45.727 0 (0 0 0) (0 0 0)
5.600000e+02	5 (0 0.0670769 0.841394 0.091529) (23.5 0.487235 1.19056) 562 32955 2 32955 0.980303 0 6854 1 -1 1 1.3e-06 0 (0.529563 0.0438746 0.0948765) 2650 45.9803 0 (0 0 0) (0 0 0)
5.600000e+02	5 (0 0.416694 0.3042 0.279106) (23.5 0.0970757 1.28731) 80 32958 1 32958 0.669297 0 2559 1 -1 1 5.3e-05 0 (0.543714 0.0332883 0.152057) 2650 53.6693 0 (0 0 0) (0 0 0)
5.600000e+02	5 (0 0.249722 0.327775 0.422503) (23.5 0.399642 1.22558) 362 32956 1 32956 0.917448 0 6894 1 -1 1 1.3e-06 0 (0.53886 0.0268666 0.0714183) 2650 45.9174 0 (0 0 0) (0 0 0)
5.600000e+02	5 (0 0.233322 0.291927 0.474751) (23.5 0.207223 1.49464) 50 33035 2 33035 0.263441 0 6433 1 -1 1.00001 3.3e-06 0 (0.549323 0.0265927 0.0117026) 2650 46.2634 0 (0 0 0) (0 0 0)
5.600000e+02	5 (0 0.0903627 0.0289055 0.880732) (23.5 0.193393 1.46989) 78 32972 2 32972 0.402902 0 6954 1 -1 1 1.3e-06 0 (0.55064 0.0306645 0.0219222) 2650 45.4029 0 (0 0 0) (0 0 0)
5.600000e+02	5 (0 0.0379677 0.364957 0.597075) (23.5 0.149531 1.53757) 30 33034 1 33034 0.323608 0 6397 1 -1 1.00001 3.3e-06 0 (0.551699 0.0231416 0.000745119) 2650 46.3236 0 (0 0 0) (0 0 0)
5.600000e+02	5 (0 0.0234037 0.00448487 0.972111) (23.5 0.189694 1.47404) 51 32963 1 32963 0.951609 0 3975 1 -1 1 2.12e-05 0 (0.550731 0.0300099 0.0209636) 2650 51.9516 0 (0 0 0) (0 0 0)
